
0.0384751 0.173867 0.122635 0.290706 0.0358674 -0.0410812 0.0773864 -0.0753787 0.2047 0.0280784
-0.350349 0.0474612 -0.114626 0.0926165 -0.136932 -0.127372 0.0351323 -0.102839 0.0265413 -0.312413
0.0136213 0.198997 0.205893 0.217715 0.0259953 -0.0784004 0.065418 -0.128446 0.124218 0.0246533
-0.125209 0.113114 0.0419245 0.190966 -0.0427957 -0.0763247 0.0646197 -0.0646282 0.145031 -0.105378
-0.18857 0.0818128 0.0352436 0.176749 -0.0596421 -0.0791841 0.0856108 -0.0703696 0.10305 -0.167909
-0.240288 0.0551398 -0.0649039 0.131384 0.0161273 0.0481904 0.0261431 0.0501257 0.145108 -0.146525
-0.00776719 -0.0323273 -0.0210136 -0.0503308 0.0162319 0.0261814 0.0183797 -0.0304108 0.00570136 0.0182488
-0.0242969 0.0616017 -0.00450961 0.144983 0.00380937 -0.0308507 0.051469 0.00665998 0.0979445 -0.0298268
-0.0220891 0.11279 0.0429801 0.18924 -0.034803 -0.0497919 0.0527239 -0.0619212 0.132838 -0.0521813
-0.117571 0.182017 0.115809 0.26088 -0.0747399 -0.0978911 0.0993442 -0.11314 0.181866 -0.129321
-0.0540301 -0.0138141 0.103187 0.00710522 -0.00485689 -0.0321319 0.0118661 -0.142214 -0.0550351 -0.115886
-0.0984006 -0.00191982 0.018582 0.0365047 0.0472555 0.0473176 -0.021555 0.00986141 0.0625413 0.0261376
-0.0287929 0.158745 0.103191 0.186382 -0.0114267 -0.0485358 0.0566577 -0.0775038 0.144995 -0.0159388
-0.0637869 0.0897401 0.0225408 0.110165 -0.0163218 -0.0333239 0.10207 -0.00503209 0.101778 -0.0516635
-0.110139 0.011644 -0.000183445 0.0409254 0.0173292 -0.0169156 -0.0228808 -0.0297684 0.0476552 -0.00114119
-0.17756 0.0421267 -0.0571617 0.155037 -0.0247878 -0.0266686 0.10449 -0.003666 0.102527 -0.176499
-0.060991 0.127205 0.0897451 0.190935 -0.0518893 -0.0921527 0.0671753 -0.102937 0.0905215 -0.10719
-0.0643013 0.13858 0.0697611 0.239661 -0.0182839 -0.0502551 0.0808283 -0.0640979 0.156347 -0.0537144
-0.0915519 0.177802 0.183007 0.274325 -0.00877769 -0.0542606 0.0784926 -0.141808 0.17153 -0.089372
-0.200724 0.071656 -0.0578225 0.133731 -0.0638997 -0.062858 0.0344452 -0.0673846 0.0913456 -0.191167
-0.0669704 0.0665535 -0.00074088 0.122371 0.0755527 0.0568186 0.0667724 -0.0540956 0.116782 -0.04398
-0.0941249 0.0583677 0.0111372 0.110488 0.00739356 -0.0163916 0.0294725 -0.0631188 0.0822206 -0.0495089
-0.221912 0.148651 0.217429 0.0600124 -0.0196655 -0.04799 -0.0466763 -0.122647 0.0262726 -0.0880971
-0.0650427 0.144344 0.0574304 0.190705 -0.0422517 -0.0903378 0.0717711 -0.0559964 0.151761 -0.0345007
0.0474367 0.283907 0.198008 0.348851 -0.0469131 -0.106808 0.11028 -0.0727895 0.226301 0.0125261
-0.00730093 0.0180806 0.0652463 0.0235284 -0.00992816 -0.0476373 0.00538546 -0.167309 0.0145074 -0.0235517
-0.213251 -0.00110061 -0.0991925 0.0621516 0.0250382 0.019281 0.0596489 0.0517803 0.0781279 -0.127504
-0.171141 0.0412044 -0.0114272 0.138724 -0.0264171 -0.0587471 0.0202941 -0.0803811 0.0746536 -0.123986
-0.0327462 0.0493924 -0.00462748 0.0611388 0.0373706 0.00351582 0.0426843 0.0151603 0.0832597 -0.0054292
-0.18675 0.184372 0.16094 0.194651 -0.0876402 -0.11599 0.00188645 -0.0716577 0.126088 -0.0941701
-0.0246173 0.216678 0.228529 0.327441 -0.0245121 -0.0937951 0.0591412 -0.14594 0.193428 -0.00302298
0.0919775 -0.0187708 0.0841581 -0.00196521 0.0294875 -0.0542272 -0.0328599 -0.159601 -0.0335783 0.0258595
-0.117276 0.0587886 -0.0463814 0.112394 -0.0258975 -0.0575153 0.0304033 -0.0976252 0.0707766 -0.105386
-0.0908068 0.19653 0.123421 0.319794 -0.0180169 -0.0848678 0.0941443 -0.102433 0.197895 -0.0859486
-0.196262 0.0911043 0.00558985 0.198968 -0.056023 -0.101123 0.019827 -0.0892399 0.106325 -0.167727
-0.133142 0.0524326 -0.0189249 0.146214 -0.0273295 -0.0619512 0.0583851 -0.119875 0.0670378 -0.139955
-0.082202 0.128803 0.0376871 0.191222 -0.00959574 -0.0555451 0.0503962 -0.048923 0.142154 -0.0460052
-0.0878586 0.0269925 0.0468826 0.0855094 0.0302473 -0.0331186 -0.00420569 -0.0798237 0.0626355 -0.0158007
-0.196906 0.00853859 0.0124869 0.0310664 -0.0473715 -0.0603269 0.0417853 -0.110837 0.0208036 -0.16398
-0.0902158 0.101061 0.148568 0.184809 -0.00224824 -0.0665259 0.0768602 -0.114847 0.124881 -0.0367343
-0.0292451 0.0750298 0.0216626 0.193955 0.0960827 0.065522 0.08636 -0.0286722 0.17103 0.000239984
-0.0347031 0.0474129 0.0441419 0.118167 -0.013597 -0.0849181 0.0170086 -0.136957 0.0439709 -0.0882122
-0.205256 0.040508 -0.0684762 0.120363 -0.0292915 -0.0656019 0.0974772 -0.0449352 0.076177 -0.143001
-0.0155341 0.0650463 0.0504259 0.130203 0.0444078 0.00134763 0.0205851 -0.0263496 0.095623 0.0558577
0.0485532 0.166738 0.0805175 0.230063 0.00821421 -0.0558985 0.0713904 -0.0810262 0.175398 0.0468068
0.0468296 0.0124513 0.151126 -0.0650157 0.0225863 -0.0232076 -0.0280605 -0.110943 -0.0633654 -0.00934661
-0.0747507 0.0740696 0.0130618 0.194971 0.0408808 0.0180874 0.0823909 -0.0295818 0.143422 -0.0556188
-0.0840353 0.118685 0.0641281 0.178487 -0.023559 -0.0360811 0.0605983 -0.0524915 0.157916 -0.0319901
0.0830864 0.156643 0.143393 0.232946 0.0262246 -0.0333242 0.088913 -0.0774917 0.160025 0.0252524
-0.134599 -0.00317904 0.0548304 -0.00204192 -0.0341615 -0.0467228 -0.0532359 -0.0997994 -0.0331682 -0.119571
-0.0901592 0.0212334 0.0307321 0.123813 0.0591532 0.028027 -0.0115462 -0.0119048 0.123502 -0.0103483
0.0238785 0.10813 0.0798508 0.151834 0.00707765 -0.0405659 0.0698392 -0.0661727 0.108103 0.0223291
-0.139616 0.0197932 -0.077057 0.0642619 0.0204209 0.014979 0.0574369 0.079289 0.0752851 -0.0875235
0.172462 0.0442112 0.136706 0.0244942 0.0350969 -0.021591 0.00167558 -0.10158 0.00817144 0.108034
0.0173824 -0.0181237 0.000845097 0.00870083 0.0404499 -0.0264797 -0.0465874 -0.0247758 0.00140938 0.0672932
-0.0759702 0.0610599 0.014534 0.117391 0.0320389 -0.0341515 0.109472 -0.101577 0.0906646 -0.0491757
-0.0404808 0.122041 0.0311889 0.162668 0.017977 0.0151434 0.055393 -0.0762901 0.151396 -0.0211918
-0.0172946 0.090248 0.0268787 0.160454 0.0366498 -0.00734578 0.0892967 -0.0373632 0.12137 -0.004013
-0.0894686 0.137932 0.104607 0.20625 -0.0145875 -0.0330968 0.0365843 -0.0409187 0.165208 -0.025242
0.0739974 0.13463 0.116608 0.149886 0.00104869 -0.0405286 0.0692879 -0.030566 0.12729 0.022905
-0.0562326 0.062872 -0.00537536 0.141252 -0.0173394 -0.0373566 0.0668734 -0.0496276 0.0920704 -0.0412553
-0.189486 0.0896191 -0.0458806 0.230551 -0.040576 -0.0305511 0.102009 -0.0446278 0.175408 -0.177803
0.0175932 0.129389 0.172955 0.131652 -0.0183021 -0.0879183 0.031394 -0.227142 0.0691917 -0.0124373
0.0244737 0.110397 0.0766107 0.185147 0.0790026 0.0173031 0.0930649 -0.0512654 0.159128 0.0295141
-0.086318 0.08938 0.0196056 0.200729 -0.00825959 -0.0442923 0.0760684 -0.0711993 0.113599 -0.0957457
-0.0279074 0.0963806 0.0366645 0.190355 0.0418183 -0.022479 0.0447614 -0.0613773 0.152962 0.0244854
-0.0159407 0.140234 0.0995912 0.25398 0.0354948 -0.0283846 0.0939633 -0.0857016 0.178279 -0.0367984
-0.200324 -0.0459508 -0.0969783 -0.137129 0.0239445 0.0780062 0.0386948 0.0547194 -0.0491183 -0.115916
-0.036789 -0.0464727 -0.101184 -0.107922 0.0686216 0.0699102 -0.0243195 0.0364777 -0.0175871 0.0286781
-0.450146 -0.0988364 -0.200492 -0.0277983 0.0226041 0.226527 0.066793 0.148129 -0.0159327 -0.26888
-0.116898 -0.0496793 -0.124133 -0.0526176 0.045172 0.0785074 0.0120204 0.0896191 0.0276816 -0.0727449
-0.0222526 -0.0547965 -0.03674 -0.0386974 0.0774785 0.127598 -0.0287804 0.0102 0.00416388 -0.0145308
-0.475216 -0.0788872 -0.277081 -0.166986 -0.0153242 0.117213 0.066667 0.36011 0.00278286 -0.316853
-0.170447 -0.0908957 -0.112136 -0.210434 0.0225556 0.0483624 -0.132869 0.0773814 -0.0919944 0.0101939
-0.09858 -0.016879 -0.0583958 0.0193106 0.137316 0.163919 0.0320343 0.100356 0.0869282 -9.06556e-05
0.150776 0.0442556 0.0759331 0.0524803 0.169633 0.0842047 0.065794 -0.00970939 0.0575686 0.20228
-0.00846824 -0.0744256 -0.0513248 -0.0725669 0.0624298 0.0749671 0.00613645 0.110265 -0.038614 0.0460246
-0.386963 -0.133866 -0.246299 -0.104643 0.126804 0.272625 -0.0586435 0.290259 0.0113383 -0.216592
0.101027 0.0157339 0.093721 0.0443146 0.104062 0.0403896 -0.0326607 0.0243958 0.0550468 0.128092
-0.0445635 0.0294208 0.0852772 0.0527292 0.0990776 0.0841917 -0.0145782 -0.0296421 0.0546516 0.0136128
-0.574044 -0.208681 -0.395943 -0.228379 0.0333619 0.28374 -0.0532616 0.386149 -0.0157564 -0.414431
-0.124559 -0.0547495 -0.0629688 -0.11689 0.0840205 0.0794247 -0.0307426 0.105855 -0.0407538 -0.0340666
-0.18771 -0.102483 -0.138577 -0.107029 0.137235 0.258426 -0.0191836 0.209576 -0.00631237 -0.0354173
-0.149273 0.0146955 -0.0386387 0.0289093 0.0232632 0.0110782 0.0125939 -0.0518218 0.0647894 -0.0536377
-0.244823 0.149689 0.207881 0.0266392 -0.100872 -0.147606 -0.0509265 -0.172159 -0.00350765 -0.158492
-0.103949 0.0345495 -0.0509598 0.0307796 0.0783495 0.118436 0.0159875 0.0405989 0.112049 -0.0097857
-0.299545 -0.140651 -0.258891 -0.104559 0.0508713 0.156529 -0.00664866 0.147171 -0.0426198 -0.23894
-0.320749 -0.11012 -0.261639 -0.205236 0.0250231 0.141075 0.065934 0.358514 -0.0227372 -0.220889
-0.160859 -0.0856258 -0.14522 -0.118037 0.122259 0.197534 -0.0359332 0.179007 -0.00740867 -0.0196717
0.0824558 0.0756089 0.0585489 0.068162 0.155736 0.0970359 0.117378 0.00774565 0.114838 0.170411
-0.145399 -0.0839184 -0.14126 -0.216524 0.0609617 0.0736481 -0.0224759 0.115179 -0.0848044 -0.065812
-0.0923031 -0.0830523 -0.121819 -0.144028 0.0964355 0.109411 0.00390033 0.10031 -0.0568071 0.00883988
0.130976 0.0879756 0.129102 0.140233 0.054175 -0.0364852 0.0411888 -0.085687 0.0745299 0.116821
-0.311506 -0.140229 -0.191814 -0.131514 0.0987124 0.170212 -0.033263 0.169043 -0.0444229 -0.17204
-0.00140545 -0.00272854 -0.0832689 -0.0934494 0.0990537 0.0666556 0.0710505 0.073089 0.0128985 0.0819477
-0.148984 -0.0294573 -0.148698 -0.0416148 0.104657 0.167353 -0.0380212 0.0786851 0.0941546 -0.0619674
-0.280424 -0.0470011 -0.198969 -0.137902 0.0356812 0.209984 -0.00706417 0.143904 0.0270633 -0.172166
-0.263628 -0.121168 -0.168899 -0.229633 0.0160206 0.106984 -0.094798 0.225513 -0.0819045 -0.0894741
-0.0550415 -0.00170422 0.000438161 -0.0342158 0.107314 0.0979201 -0.0210591 -0.000309377 0.0398576 0.0236845
-0.35329 -0.0597789 -0.2028 -0.0708093 0.0304788 0.096513 0.0652428 0.246132 0.0602522 -0.179203
-0.34352 -0.126807 -0.188003 -0.206332 0.030979 0.188665 -0.117761 0.157071 -0.0510776 -0.192814
0.201706 -0.0793453 0.0424166 -0.299118 -0.0664534 -0.0327517 -0.158715 -0.140966 -0.201453 0.00686168
-0.107419 0.00425506 0.0396871 0.0844601 0.145023 0.07498 0.0127616 0.058184 0.0719981 -0.0319466
-0.0512057 -0.125 -0.230349 -0.198497 -0.0358215 0.0506142 -0.0430687 0.0995644 -0.103354 0.0466445
-0.0467581 0.0374023 0.0189756 0.0424333 0.0750908 0.0171679 0.0470697 -0.0117186 0.0437168 0.0604082
-0.210178 -0.0707649 -0.188699 -0.12149 0.0372991 0.124423 0.0142567 0.108932 -0.0255695 -0.0797423
-0.236134 -0.0505885 -0.19929 -0.0629051 0.0383229 0.0776042 -0.0305781 0.18617 0.030517 -0.184403
-0.434463 -0.0798858 -0.200921 -0.0579578 -0.0657195 0.0403056 -0.0363022 0.175529 -0.0200334 -0.314139
-0.125736 0.0987823 0.0712633 0.0904238 -0.0637357 -0.134398 0.0696251 -0.165409 0.0579055 -0.125324
0.087307 -0.0526994 -0.0313246 -0.0866682 0.115619 0.155402 -0.0323857 0.102885 0.041328 0.152587
-0.281902 -0.0835544 -0.249536 -0.123879 0.0495788 0.156986 0.0110683 0.220591 -0.0120317 -0.171453
0.204016 0.0725901 0.121527 0.0853005 0.160153 0.0544828 0.0625595 -0.0409052 0.0765548 0.261101
-0.182656 -0.142147 -0.153765 -0.134853 0.0778471 0.190047 -0.0847414 0.111959 -0.0569196 -0.109018
0.130258 -0.0556714 0.000824652 -0.132906 0.0988115 0.09914 -0.0434764 0.0537479 -0.0792954 0.108938
-0.126647 0.0735621 0.0620172 0.123333 -0.0078122 -0.0584657 0.0168509 -0.0917343 0.0776058 -0.0681489
-0.508537 -0.150845 -0.297226 -0.202189 -0.0257382 0.172542 -0.0851816 0.221685 -0.0938788 -0.312081
-0.379325 -0.109827 -0.244938 -0.129402 0.0340624 0.162432 -0.0575499 0.139392 -0.00383142 -0.289865
-0.399526 -0.0751586 -0.227486 -0.108515 0.0367662 0.218641 -0.0100996 0.25316 0.0763076 -0.243985
-0.247343 -0.0966938 -0.184876 -0.0751928 0.0379941 0.215327 -0.0115747 0.202878 0.0301582 -0.142108
0.0550178 0.0414429 0.00500872 -0.0487727 0.0374717 0.0110635 0.0552249 -0.0268717 0.0221458 0.067732
-0.620999 -0.261263 -0.464224 -0.270749 0.0041963 0.238179 -0.0782797 0.378793 -0.10819 -0.412613
0.0412077 -0.0224789 0.00461627 -0.0102632 0.133075 0.137098 0.0104613 0.0126118 0.0457484 0.119161
-0.370798 -0.229445 -0.250821 -0.263544 0.104079 0.254464 -0.151868 0.322077 -0.111967 -0.130427
-0.260873 -0.0951197 -0.199593 -0.078485 0.0479164 0.113763 0.0444289 0.175372 0.0111874 -0.134265
-0.109661 -0.0473091 -0.099973 -0.0858434 0.0441127 0.0365188 -0.058741 0.076168 -0.019541 -0.00846516
0.283523 0.081282 0.120604 0.129293 0.181875 0.0569581 0.00929151 -0.0556593 0.0927052 0.28422
0.0484411 0.0176186 0.0044235 0.00894394 0.111513 0.0661514 0.0718216 -0.0205978 0.0676024 0.115074
-0.0320754 -0.0392411 -0.0850659 -0.0365458 0.0570674 0.0914148 -0.00921968 0.0952758 0.0336489 -0.00703004
0.200065 -0.0944729 -0.0747544 -0.160643 0.00640046 0.0284118 -0.11957 -0.0735904 -0.071848 0.0475656
-0.502194 -0.142134 -0.284725 -0.19011 -0.0186367 0.173797 -0.0873181 0.213924 -0.0911576 -0.302865
0.140281 0.00964672 0.00780185 0.0499309 0.159821 0.107069 0.0497055 0.0463934 0.0887434 0.178844
0.068906 -0.000798749 0.106423 -0.0415676 0.0898737 0.0265952 0.0077282 -0.0822537 -0.0207948 0.122086
-0.0612451 -0.0157761 -0.134068 -0.0263981 0.00126835 0.0954083 -0.0356619 0.0797962 0.0600507 -0.0579583
-0.0101085 0.0013988 -0.00285879 0.0720197 0.136262 0.17115 0.0463339 0.00897663 0.0756206 0.0583664
0.35003 -0.0374344 0.109599 -0.0368805 0.147418 0.0338071 -0.031031 -0.0447944 -0.0524633 0.399588
0.245875 -0.0287541 0.0801406 -0.0450581 0.127722 0.0437524 -0.000440732 -0.024922 -0.0253317 0.273859
0.163133 0.148428 0.237122 0.0829923 0.004888 -0.0788959 0.0302788 -0.176525 0.0466678 0.0892931
0.0774005 -0.018678 -0.0418715 -0.078187 0.0661263 0.0493168 -0.000997929 -0.00170869 0.0101007 0.0978672
0.565633 0.0901026 0.104473 0.104934 0.0963649 0.0210948 0.0510671 -0.0244452 0.0507896 0.377152
0.0854316 0.00325993 0.0587252 -0.0192593 0.111339 0.0446651 0.0249721 -0.015945 0.0206417 0.187331
0.302785 0.0566783 0.082548 -0.00207813 0.0255942 -0.0450314 0.0544229 -0.142549 -0.00840351 0.16802
0.129463 -0.0831778 0.049168 -0.203134 0.0371296 -0.00379711 -0.0542577 -0.0433919 -0.1285 0.224184
0.0613413 -0.0605657 -0.0110799 -0.0840921 0.120112 0.105323 -0.00168471 0.0347322 -0.00806341 0.185583
0.0508258 0.00618061 0.0669183 -0.124866 0.0648018 0.00279566 -0.0384217 -0.0179118 -0.0837055 0.117524
0.0609647 0.0675333 0.0796325 0.0351454 0.080141 0.0190434 0.0370177 0.0026337 0.0523392 0.163245
0.0078716 0.0834662 0.15373 0.0207253 0.0207669 -0.0483837 0.00615819 -0.120175 0.00880505 0.0626235
0.0260352 -0.0325943 -0.00201615 -0.11702 0.0858181 0.0181449 -0.0153103 -0.00331822 -0.0305419 0.164895
0.233623 -0.0135287 0.0113939 -0.115795 0.0185846 0.0171172 -0.0753865 -0.0989393 -0.0635199 0.161215
0.150997 0.00105757 0.0436335 -0.0389014 -0.00274489 -0.0140185 -0.0233008 -0.110778 -0.0332952 0.0885313
-0.0375977 -0.0321368 0.0454804 -0.111026 0.0761462 0.0792767 -0.034861 -0.0175084 -0.0236152 0.0105987
0.168874 -0.0511033 0.0832899 -0.0587673 0.114636 0.0518264 -0.0327347 -0.0227722 -0.0218036 0.24292
0.136996 0.087884 0.21545 0.106841 0.0926576 -0.00521672 0.048509 -0.0635489 0.11082 0.234602
0.223837 0.00601348 0.088762 -0.0925055 0.0557637 0.00118221 -0.00472342 -0.0614384 -0.0446068 0.252687
0.120891 0.0769516 0.196201 0.0407709 0.104809 0.0082141 0.0314689 -0.0639276 0.0249755 0.182438
0.449585 0.0283187 0.130432 -0.0038213 0.0981838 -0.00928582 0.0107805 -0.137465 -0.019097 0.319065
0.173947 -0.0201376 -0.000460419 -0.0383033 0.0314205 0.01002 -0.0248547 -0.0748948 -0.0046179 0.135304
0.086708 0.0781642 0.056438 -0.0148185 -0.0127281 -0.0943652 0.0213503 -0.0834252 -0.000464433 0.12241
0.539316 0.0978548 0.105559 0.0707159 0.101698 0.00779042 0.0543188 -0.0994576 0.0493259 0.323346
0.573485 0.081078 0.133466 0.0830827 0.0488158 -0.0284305 0.0253189 -0.0880409 0.031147 0.386432
0.194354 -0.0331845 0.0289644 -0.0466022 0.126046 0.0528877 0.00386361 -0.0309807 -0.0171408 0.252586
0.0876051 -0.0360966 -0.000872896 -0.0984911 0.118912 0.0660444 0.0127703 0.0365805 -0.0219334 0.175255
0.276189 0.0131463 0.106105 -0.0253137 0.0429359 -0.0699867 0.0169056 -0.124943 -0.0274766 0.212978
0.0825833 -0.0654601 -0.0598785 -0.131315 0.0737754 0.029718 -0.0215053 -0.0069691 -0.0414882 0.165175
-0.0486924 0.115717 0.104155 0.0727272 -0.00354655 -0.0433035 0.0378566 -0.0920093 0.0539514 0.0516609
0.263826 0.00340635 0.164297 -0.0918216 0.151925 0.0688337 0.0330753 -0.0298237 -0.0535957 0.279107
0.189109 0.0102054 0.00983441 -0.0929354 0.00463007 -0.0302257 -0.0381825 -0.0997163 -0.01839 0.121133
0.119727 -0.0256104 0.0280593 -0.106058 0.131424 0.0566473 0.0126725 0.0546734 -0.0260205 0.198316
0.232701 0.0149882 0.0565612 0.0189897 0.0768417 -0.0285244 -0.00191651 -0.0678263 0.0301954 0.334865
0.0817571 -0.0385042 -0.00836408 -0.0673146 0.070421 0.032207 -0.010918 0.00051089 0.00428084 0.174965
0.165239 0.112429 0.165807 0.119221 0.0895063 -0.00123176 0.0701838 -0.0572472 0.0817123 0.175558
0.131342 -0.0942752 -0.0552193 -0.190289 0.108791 0.0726427 -0.0400932 0.0462743 -0.0932283 0.212294
0.19496 -0.0167679 0.039054 -0.0445232 0.0974386 0.0154037 -0.0175889 -0.0144104 -0.0083954 0.282835
0.188547 0.044505 0.0407973 -0.0859252 0.0220893 -0.0169912 0.00574778 -0.0976303 -0.0337522 0.139372
0.392708 0.0340978 0.138084 0.0220574 0.122558 0.0213755 -0.0114033 -0.0735341 0.00156297 0.275187
-0.0403617 0.0463293 0.172471 -0.0641758 0.109629 0.0608139 -0.000540522 -0.0203669 -0.0340006 0.106037
0.0180934 0.0281539 0.0499275 -0.0672085 0.0972702 0.0320067 0.0169787 0.0231902 0.000266478 0.118281
0.218537 0.0207298 0.0573507 0.0113831 0.0687147 -0.0358769 -0.00243285 -0.103231 0.0088325 0.18156
0.0788506 -0.0330422 0.0152138 -0.105141 0.113427 0.0740426 -0.0583916 0.0566284 -0.00929715 0.22221
0.26828 -0.00568474 0.121741 -0.0787897 0.10594 0.0539835 0.000516387 -0.0110192 -0.0234434 0.286526
0.413853 0.0235991 0.146054 -0.00791515 0.101535 0.023478 -0.0336001 -0.0657887 -0.0183382 0.334985
0.072935 0.0643861 0.0986724 0.0451573 0.0795812 0.0185866 0.0290531 -0.0242505 0.0392982 0.128612
0.0344933 -0.0430464 -0.0555534 -0.0700516 0.0761845 0.0281798 0.0102083 0.0211448 -0.0125951 0.136138
0.250109 -0.0386402 -0.0742528 -0.116487 -0.00946234 0.00423884 -0.0495647 -0.0643215 -0.0361324 0.128312
0.0505632 -0.090028 -0.0900135 -0.223989 0.0740956 0.0376459 -0.0713996 0.0261032 -0.105837 0.172134
0.27519 0.00113733 0.139845 -0.0505249 0.0503077 -0.0231189 -0.0221456 -0.0923347 -0.0559719 0.201368
0.59131 0.0653621 0.129734 0.0650574 0.0920545 0.0245375 0.0319879 -0.0628901 0.03094 0.418236
0.422683 0.0566883 0.187145 0.0855611 0.0578004 -0.0163056 0.0825208 -0.0843844 0.087789 0.431242
0.0174024 0.00402919 0.0246038 -0.0293257 0.0622717 0.000211182 0.00299641 -0.0354227 0.00336468 0.132527
0.33987 0.023849 0.0909925 0.0216465 0.113135 0.0325974 0.0324907 -0.0259195 0.0253132 0.301669
0.075057 -0.0153215 0.000702052 -0.118301 0.0293546 0.0399116 -0.0483225 -0.0361924 -0.0455727 0.0745492
0.127613 -0.00497858 0.057935 -0.035496 0.162028 0.0603588 0.0638815 0.00770066 0.0102593 0.244644
0.267168 -0.0470071 0.0174317 -0.111859 0.00299294 -0.054254 -0.0631867 -0.0916509 -0.0920242 0.177418
0.170087 -0.0193162 0.0197286 -0.0794539 0.0943413 0.0286646 0.0166341 -0.0362209 -0.0304798 0.22883
0.360307 -0.0367989 0.085677 -0.0307492 0.18243 0.108359 -0.0529174 0.0169336 -0.0045327 0.404032
0.382991 0.014412 0.071119 -0.0215886 0.126609 0.0463848 0.0279892 -0.0179706 0.00404753 0.334217
0.0652563 0.0404928 0.0208016 -0.0650666 0.0978632 0.0354278 -0.0266771 -0.0136884 -0.00666885 0.185655
0.103882 0.0454059 0.136463 0.0303434 0.108675 0.00523339 0.0432341 -0.046758 0.0383983 0.17992
0.0514826 0.0905672 0.104229 0.0932904 0.0720339 0.00519121 0.0342273 -0.0417322 0.0731262 0.123006
0.209357 0.0215028 0.043298 -0.0604361 0.0181387 0.00123086 -0.00879649 -0.0825476 -0.0102689 0.11934
0.107708 -0.019617 0.0218258 -0.0500107 0.0994204 0.0132329 -0.0108816 -0.0318734 -0.0111638 0.222158
-0.202385 0.0905518 -0.0529284 0.147447 -0.0174801 -0.0188278 0.0585451 0.0220726 0.171742 -0.138282
0.0233448 0.0846834 0.0876098 0.141828 0.0614236 -0.0119206 0.109599 -0.0574558 0.122851 0.0556156
0.0714988 0.146608 0.0991215 0.219381 0.0868108 0.044924 0.0520811 -0.010067 0.188968 0.114903
-0.138345 0.0505148 -0.062556 0.0554314 -0.0081434 0.0241727 0.0711558 -0.020604 0.0823289 -0.104375
-0.101356 0.0581852 -0.0114983 0.127004 0.0545396 0.0544342 0.0853801 0.0588125 0.119339 -0.052974
-0.242085 0.0652678 -0.103417 0.0599674 -0.0100128 0.0316475 0.0606833 0.0640843 0.15911 -0.123929
-0.238709 -0.0162719 -0.119014 -0.109494 -0.0792841 -0.0108877 -0.0687862 0.0434549 -0.0150276 -0.166769
-0.108601 0.0813546 0.0113556 0.110785 -0.0335846 -0.0284542 0.0607331 0.0233695 0.100942 -0.0985584
-0.224812 0.0434194 -0.0890497 0.0712456 0.025282 0.11802 0.0288938 0.112587 0.155104 -0.109354
-0.273202 0.00137086 -0.122104 0.0688249 -0.0495906 -0.0112479 0.0626982 0.0842019 0.0755776 -0.225963
-0.0550088 0.0166858 -0.0297742 0.0161314 0.0158656 0.0458224 0.00769188 0.0186872 0.0817268 -0.00775404
-0.105324 0.0987077 -0.0144936 0.1354 -0.00450496 -0.0016802 0.131512 0.0299453 0.152553 -0.100787
-0.124643 0.0194944 -0.0726644 0.0197588 0.0675997 0.0681065 0.100263 0.105776 0.097188 -0.0469554
-0.40958 -0.0514866 -0.153058 -0.0487037 -0.0259919 0.0343545 -0.0178831 0.0528328 0.042892 -0.255367
-0.222052 0.0076979 -0.0515199 0.0498464 0.0400072 0.0734363 0.0632562 0.0376353 0.0792509 -0.106532
-0.239441 0.0379745 -0.108307 0.00541551 -0.0360846 0.0163243 -0.0280984 0.0296943 0.0744623 -0.179141
-0.120968 0.0474378 0.00277375 0.0512589 0.0381679 0.0433659 0.0250277 0.00399295 0.096879 -0.033517
-0.245831 0.0867828 -0.00768768 0.129056 -0.0263189 -0.0479154 0.00878781 -0.00735912 0.111584 -0.133997
-0.0694152 0.140378 0.11555 0.13281 -0.0123984 -0.0324784 0.0473656 -0.098636 0.142684 -0.00762633
-0.176687 0.0138727 -0.0537046 -0.0157046 -0.0143139 0.00934323 0.100241 0.0449262 0.0466788 -0.133293
-0.127489 0.0488399 -0.0464805 0.113953 0.00524809 -0.009767 0.0254852 0.00938521 0.132158 -0.0752129
-0.118696 0.0561777 0.0687129 0.0428818 -0.00542914 -0.048981 0.12437 -0.137395 0.0742011 -0.079789
-0.37725 -0.0319516 -0.1278 0.0467924 -0.0212303 0.0561066 -0.000805679 0.0994348 0.0527448 -0.284277
-0.154035 0.0326586 -0.0167646 0.0925685 0.0246456 0.0225115 0.0379682 0.00952658 0.12478 -0.0837447
-0.0353879 0.0304915 0.0112581 -0.0201772 0.0703616 0.0368633 -0.0280437 -0.0350663 0.0361876 0.0558977
-0.141301 0.0363562 -0.0403426 0.0648423 -0.008861 -0.021843 0.104326 -0.0604561 0.0603468 -0.120344
-0.090868 0.0282357 -0.0300755 0.00495645 -0.0180832 -0.026818 0.0424063 -0.0278642 0.0187578 -0.140786
-0.240651 0.0348612 -0.0659019 0.0963256 -0.043041 -0.00361321 0.066259 -0.0458297 0.0855008 -0.198206
-0.0895949 0.0593962 -0.00526077 0.0675475 0.0229218 0.0178645 0.0442527 0.0181085 0.104342 -0.0402001
-0.0710883 0.0837225 0.0177046 0.105573 0.00817352 -0.0101239 0.0359729 -0.0639045 0.104444 -0.0132208
-0.101158 0.038707 -0.0296573 0.0904765 0.0114429 0.00470525 0.0843132 -0.0130283 0.133492 -0.0654851
-0.241478 0.0272639 -0.0799089 0.0179959 -0.0279418 0.0201571 0.0594257 0.0551352 0.0849501 -0.158643
-0.108496 0.0482998 -0.022516 0.0700679 0.025054 0.0692704 0.0146778 0.0240075 0.120585 -0.0327147
0.000789684 0.100545 0.0563191 0.150279 0.0661678 0.00144686 0.108371 0.000611306 0.140776 0.0526792
-0.0365084 0.0651575 0.0155952 0.119044 0.0323845 -0.0177721 0.106983 -0.0565554 0.094497 -0.00845907
-0.111933 0.102872 -0.00335985 0.149944 0.0759059 0.0418449 0.081477 -0.0148934 0.169751 -0.0165572
-0.128783 0.14938 0.0246961 0.184721 -0.0628183 -0.0763917 0.0744955 -0.0431804 0.173036 -0.114901
-0.1383 0.0334648 -0.0157629 0.0278146 -0.00951377 0.00949669 0.0497161 0.0213392 0.0684596 -0.110575
-0.171914 0.122449 0.00557693 0.190099 0.00827994 -0.0209237 0.0656843 -0.0834356 0.19542 -0.0665612
-0.115618 0.0365986 -0.0253036 0.0938282 0.0155241 0.00784134 0.0141982 -0.0284212 0.0990579 -0.0652291
-0.233148 -0.0253221 -0.134538 0.0154059 -0.0024437 0.0418214 0.0726959 -0.0186819 0.0638625 -0.16798
0.0998607 0.0313197 0.0361726 -0.0307111 0.0440235 0.0231428 -0.0257307 -0.0387105 0.0209911 0.0854219
0.0115472 0.174168 0.19179 0.248841 0.00731003 -0.0935752 0.0816342 -0.144748 0.156955 -0.00556932
-0.0582396 0.118522 0.0220592 0.0979 0.00375396 0.0297825 -0.00145716 0.0255457 0.156161 -0.0170739
-0.195787 0.0728203 0.0219119 0.123066 -0.0248951 -0.0145846 0.134522 -0.0555423 0.111504 -0.152564
-0.155849 0.0557943 -0.0302531 0.0779181 0.0455246 0.0432971 0.0157689 0.0703581 0.115467 -0.0663058
-0.495315 -0.0386475 -0.220569 0.0210438 -0.033969 0.0698781 -0.0391458 0.104649 0.0185549 -0.385033
-0.176786 0.086706 -0.0133545 0.135938 -0.0442381 -0.0531716 0.0825556 -0.0631879 0.132689 -0.134445
-0.0841048 0.0922237 0.00664994 0.128992 0.0218259 0.0638148 -0.0321565 -0.00808159 0.168679 -0.00603258
-0.340688 0.0767517 -0.00702982 0.235295 -0.0333638 -0.0203226 0.0864278 -0.0947126 0.178449 -0.218031
-0.263663 0.0544162 -0.0339071 0.0755812 -0.114228 -0.120549 0.0788845 -0.0672042 0.0662951 -0.261112
-0.125795 0.0636488 0.0410227 0.0942701 0.0426246 0.0177511 0.059498 -0.0452679 0.0920913 -0.0646914
-0.249489 0.0263784 -0.0888563 0.00686242 -0.0246292 0.0671952 -0.0421563 0.0934742 0.107622 -0.153386
-0.15131 0.0987675 0.000664883 0.164533 -0.00984775 -0.00258842 0.0329805 -0.0507595 0.164714 -0.0793792
-0.0584909 0.0700335 0.054042 0.0315748 -0.00935218 -0.0731515 0.0838333 -0.0871162 0.0221015 -0.0561815
-0.320337 -0.0710985 -0.21303 -0.116566 -0.0284344 0.115086 -0.0441276 0.153247 0.01421 -0.212858
-0.330334 -0.00344819 -0.0853211 0.0764802 -0.0480272 0.0147167 -0.0194023 0.0138092 0.0680015 -0.236293
-0.119948 0.104366 0.0666128 0.154785 0.0238533 -0.00706368 0.129842 -0.0411754 0.144709 -0.0573019
-0.0986283 0.163262 0.110542 0.254045 -0.0325858 -0.0494576 0.0700269 -0.116386 0.195462 -0.0797872
-0.0204912 0.107468 0.0634498 0.14267 0.0252559 -0.0281772 0.110073 -0.0532748 0.135877 -0.0142965
-0.0666206 0.0428184 -0.0266173 0.0171125 0.0416766 0.0195272 0.0670414 -0.031426 0.0554826 -0.0244312
-0.117809 0.0154128 -0.0185857 0.0524734 -0.0260232 -0.0406535 0.0998326 0.00386925 0.0456516 -0.109492
-0.161961 0.0500949 -0.017213 0.127225 -0.0208338 -0.00213268 0.0126393 -0.00903358 0.111783 -0.132932
-0.221588 0.0952551 -0.0145287 0.179006 -0.0516719 -0.0747012 0.0738376 -0.0458539 0.13499 -0.18593
-0.191487 0.178063 0.164837 0.178223 -0.132682 -0.159306 -0.0154859 -0.199806 0.094492 -0.154634
-0.128038 0.030775 0.0140101 0.0206008 0.0831978 0.0446602 0.0398245 0.0141905 0.0572637 -0.0214778
-0.16848 0.133749 0.0519779 0.197375 -0.0732492 -0.114378 0.0560216 -0.109869 0.123628 -0.14989
0.16035 -0.00753264 -0.0324471 -0.0469809 0.00259777 -0.0450889 -0.0413775 -0.116967 -0.0323622 0.0440306
0.367783 0.0226859 0.134548 0.0612062 0.111031 0.0258251 0.00291618 -0.0644773 0.0211992 0.240012
0.34508 -0.0388969 0.127538 -0.149615 0.0802517 -0.0086823 -0.0574797 -0.136957 -0.135184 0.206614
0.159695 -0.0983925 -0.149154 -0.200982 0.0238678 0.0381687 -0.0714261 0.0275876 -0.0938015 0.0973883
0.109353 0.0777166 0.115679 0.124394 0.136342 0.0171419 0.0674317 0.0195887 0.0972937 0.164413
0.35487 0.05372 0.108515 0.0313981 0.0533743 -0.0436514 0.00911558 -0.120371 0.00958374 0.201964
0.51827 0.0272435 0.172298 0.0212674 0.0476267 -0.0329141 0.00432258 -0.135625 -0.015559 0.296932
0.127253 -0.0171684 -0.010693 -0.0387979 0.120797 0.0978779 -0.0284141 0.00220859 0.00141519 0.203907
0.299865 0.0403886 0.101911 -0.0147637 0.0601879 0.006907 -0.0300311 -0.0635782 0.0277931 0.153619
0.217908 0.0157047 0.0575842 0.0207485 0.154486 0.0980171 0.0214572 -0.00426539 0.0508832 0.264734
0.580203 0.132864 0.204184 0.0990228 -0.011273 -0.0660604 0.0434672 -0.148359 0.074818 0.284902
0.228912 0.0167904 0.0636504 0.0201909 0.113872 0.0430099 0.0103132 -0.024353 0.0393735 0.259673
0.18113 -0.0153484 0.0442868 -0.0270401 0.145098 0.0520794 -0.0048459 -0.0120423 -0.00252804 0.231932
0.189636 0.0361744 0.0826473 0.0486323 0.152702 0.0585551 0.039077 -0.0189546 0.055795 0.232705
0.603171 0.0852431 0.212956 0.0173394 0.025326 -0.0450851 -0.00845893 -0.1463 -0.0133241 0.318534
0.651999 0.0478872 0.081217 0.054135 0.0198449 -0.0430405 0.0175567 -0.122257 0.00384065 0.352689
0.458121 0.0254746 0.162957 -0.0252191 0.0466095 -0.0519416 0.00868182 -0.152444 -0.0345619 0.237062
0.577491 0.107486 0.134944 0.0931248 0.0513354 -0.045139 0.0361561 -0.0620329 0.0401059 0.366156
0.111727 0.028051 0.0302442 -0.00386766 0.126124 0.0627976 0.0494573 -0.0201459 0.0607243 0.131152
0.375684 0.0464142 0.159763 -0.005612 -0.0366516 -0.0953423 -0.0118427 -0.189715 -0.0479629 0.131721
0.466151 0.0229976 0.138678 0.00893928 -0.00306358 -0.070234 -0.0381294 -0.115683 -0.0290159 0.195361
0.606979 0.0806988 0.235147 0.105744 0.0565883 -0.0232095 0.000243208 -0.103444 0.0678159 0.416851
0.214986 -0.0764027 -8.09861e-05 -0.163202 -0.0390276 -0.0542618 -0.108127 -0.129439 -0.125456 0.0262988
0.326395 0.0392401 0.094854 0.0135474 0.0732735 -0.0397393 0.00220458 -0.0755469 -0.0115419 0.322524
0.581087 0.0473048 0.204098 0.0256414 0.0394577 -0.0293381 -0.0191584 -0.120811 -0.0129865 0.410059
0.330628 0.082975 0.233264 0.0367817 0.0199782 -0.107038 0.0139951 -0.201134 -0.0498184 0.135015
0.356036 0.120539 0.272965 0.140043 0.0463743 -0.0936904 0.0450763 -0.19756 0.0296793 0.132008
0.0182508 0.119959 0.267735 0.0686641 0.0445469 -0.0643028 0.0545825 -0.107682 0.00737944 0.0258196
0.62163 0.0162875 0.170532 -0.0572031 0.0505409 -0.0678883 -0.0414491 -0.169792 -0.108739 0.304438
0.607878 0.0628723 0.100778 0.047373 0.0200317 -0.0409532 0.00934198 -0.0790688 -0.00234479 0.334087
0.181761 0.00136184 0.112432 0.0243704 0.159463 0.0767156 -0.00121884 -0.00730214 0.0277884 0.286286
0.30234 0.090796 0.214519 0.0591177 0.0848958 -0.0379102 0.0313635 -0.115675 0.00135927 0.201346
0.172995 0.0731519 0.16242 0.0979473 0.133978 0.0327187 0.0254282 -0.0363144 0.0690508 0.185837
0.17928 -0.0577837 -0.104778 -0.1395 0.0334825 0.0278685 -0.0452098 0.00656584 -0.0506305 0.0731247
0.551344 0.084293 0.151642 0.0711333 0.083124 -0.00692797 0.0860946 -0.0794087 0.0402589 0.398936
0.656302 0.0548736 0.0845283 0.0638719 0.0231121 -0.0368663 0.0267994 -0.117123 0.0125545 0.353195
0.28351 0.0407751 0.140186 0.0401811 0.0883948 -0.0137744 0.0181393 -0.083943 -0.0174941 0.318328
0.464115 0.103395 0.165691 0.168343 0.112365 -0.00342268 0.0529114 -0.0577091 0.0730963 0.418759
0.0836734 0.0102667 0.0733143 -0.000174353 0.0998737 0.0202144 -0.0102579 -0.0435924 0.00224259 0.133112
-0.0283593 0.116129 0.126701 0.143109 0.0941387 -0.00627649 0.0276039 -0.055994 0.103902 0.0430414
0.0047821 -0.10318 -0.14165 -0.185834 0.0286442 0.0708288 -0.0891177 0.0338331 -0.0862349 0.0066996
0.637732 0.0665229 0.151602 0.0256609 0.0702471 -0.0339676 0.0241142 -0.112259 -0.00813177 0.39653
0.466403 0.00532953 0.164771 0.0104628 0.127828 0.0258632 -0.00470873 -0.0575384 -0.00718282 0.383073
0.360538 0.0982992 0.177058 0.060893 -0.0199566 -0.0829481 0.0229468 -0.140721 0.0138566 0.142508
0.220181 0.02999 0.101316 -0.0194787 0.111835 0.0226707 -0.0328234 -0.0507773 0.0197084 0.203404
0.617392 0.0941783 0.189996 0.0864192 -0.0172697 -0.0729559 0.0401296 -0.125487 0.0161725 0.34581
0.255162 0.0688606 0.122314 0.0391934 0.108808 0.0158474 0.0227241 -0.0490124 0.0280197 0.203598
0.67865 0.0619666 0.170775 -0.0186306 0.0379674 -0.0677214 0.0373543 -0.158264 -0.0198485 0.366912
0.0476267 -0.0346902 -0.0489326 -0.0834832 0.105987 0.0398562 -0.0399204 0.0311859 -0.0131338 0.0981234
0.440566 -0.0213122 0.0984039 -0.0943371 0.00185608 -0.0729779 -0.0689744 -0.158677 -0.109213 0.237099
0.43063 0.0218511 0.0976445 -0.0292867 0.0310984 -0.0490175 -0.0199664 -0.12849 -0.0183193 0.226708
0.444143 0.118778 0.231434 0.120939 0.01763 -0.0736306 0.0455485 -0.175514 0.043282 0.192422
0.545336 0.0380788 0.166571 -0.0188132 -0.000441913 -0.0845038 -0.0321293 -0.130207 -0.0856657 0.277237
0.601503 0.0419691 0.121303 -0.00309225 0.000633099 -0.0214789 -0.0278007 -0.102586 -0.00464455 0.35912
0.349797 0.014179 0.117263 -0.0636581 0.0699749 -0.0531379 -0.0267899 -0.11251 -0.0779796 0.261195
0.316465 0.0838432 0.223431 0.0636951 0.0279897 -0.0838673 0.0258411 -0.153386 -0.019185 0.157099
0.287663 0.104217 0.280539 0.0206753 0.0676869 -0.0344055 0.00850484 -0.155537 -0.0260092 0.214761
0.446213 -0.014801 0.131212 0.0158494 0.0771197 0.00119472 -0.0214818 -0.0734576 -0.00284961 0.287033
0.261355 0.0357739 0.0477846 -0.0257465 0.0154087 0.00508565 -0.031147 -0.0688333 0.0152349 0.116066
0.148234 0.0123975 0.0118008 0.0307473 0.112831 0.0573501 0.00356631 0.0136344 0.0474389 0.203394
0.194936 0.0258128 0.0407609 -0.0722013 0.00323351 -0.0457393 -0.103799 -0.173941 -0.0720861 0.0895801
0.250723 0.0400697 0.06356 0.0497424 0.126782 0.0513681 0.0297768 -0.00527332 0.0701193 0.287445
0.427769 0.0151066 0.173851 -0.0008073 0.0974174 -0.0206324 -0.0401027 -0.111786 -0.0588662 0.291226
0.150478 0.0640195 0.0988957 0.0825192 0.166728 0.0920963 0.0451838 0.002577 0.0957836 0.207468
0.602762 0.0477858 0.201764 -0.0566723 0.0537108 -0.018757 -0.0590917 -0.138534 -0.065873 0.346468
0.306391 -0.0155006 0.000592988 -0.106041 0.0133908 -0.0176379 -0.0381252 -0.0914308 -0.0597637 0.152401
0.211377 0.0524717 0.0723046 0.0491339 0.152165 0.0943834 0.0292503 -0.038341 0.0825423 0.20144
-0.242253 -0.0884773 -0.131664 -0.0767728 -0.0522165 0.0179341 0.0409968 0.0477976 -0.0559137 -0.236235
-0.299712 -0.0564537 -0.208288 -0.0845301 0.0581789 0.137466 0.192125 0.212374 0.0456576 -0.173241
-0.176468 0.0817378 0.0339854 0.0688801 -0.0615104 -0.0854535 0.102276 -0.0874406 0.0414093 -0.180841
-0.0329782 0.0127082 0.0102647 -0.0301735 -0.0228992 -0.0554628 0.053536 -0.121076 -0.034961 -0.0344432
-0.0702425 0.0370099 0.00679508 -0.0186654 -0.0257839 -0.0448135 0.152102 -0.0879137 0.016082 -0.0853428
-0.19166 -0.031601 -0.143233 -0.0553008 0.0118465 0.0267714 0.0793383 0.0724852 -0.00184061 -0.133335
-0.00376598 0.000325695 -0.0399398 0.00546436 0.0937546 0.0421869 0.0771389 0.00136317 0.0382945 0.0496306
-0.115799 0.0707522 -0.0410697 0.124994 -0.00715563 -0.0160415 0.123808 -0.00694645 0.110797 -0.10655
-0.086959 -0.0285204 -0.0700672 -0.00845688 0.0802099 0.0675018 0.108999 0.0465421 0.031628 -0.0166335
-0.135547 0.00473831 -0.0493785 0.00389915 0.012123 0.0195649 0.0601206 0.0130974 0.0488489 -0.0580473
-0.0707681 0.0590327 -0.00608184 0.0613854 0.0187553 -0.0313055 0.0918686 -0.0439431 0.0618859 -0.0393109
-0.109436 -0.0317046 -0.0951051 -0.0380282 0.0386598 0.0151196 0.0611124 0.0103354 -0.00281753 -0.0484699
-0.253953 -0.0622261 -0.16915 -0.0336433 0.0804776 0.14333 0.137826 0.0897633 0.0324442 -0.148603
-0.0315974 -0.0504024 -0.107884 -0.0906099 0.0173768 0.0260182 0.0165834 0.00430268 -0.034539 -0.0118569
-0.116487 0.0120876 -0.0646009 -0.00584858 0.0326723 0.0154071 0.121914 0.0480527 0.0450011 -0.0688145
-0.106288 0.0831817 0.099288 0.0146395 -0.0408864 -0.0622518 0.125075 -0.120225 0.0313481 -0.107708
-0.255091 -0.00935337 -0.133677 -0.00368147 -0.0466185 0.00280302 0.131085 -0.0257489 0.0303686 -0.236314
-0.309665 -0.0184208 -0.136405 0.0397754 -0.0265494 0.00854154 0.145559 0.104766 0.0668656 -0.229904
-0.0227789 0.0637599 0.0437325 0.0417841 0.0355749 0.0053297 0.0910528 -0.0423834 0.0371691 -0.0120715
-0.254509 0.0264436 -0.105023 0.0536963 -0.0817567 -0.0387037 0.125311 -0.0944952 0.0412003 -0.294131
-0.0697001 -0.0216037 -0.0228665 -0.0199637 -0.00249998 -0.0224654 0.0640084 -0.0687565 -0.0199025 -0.0689446
-0.0629398 -0.0292059 -0.064332 -0.0449508 0.0719129 0.0741283 0.0676141 -0.0126829 0.00754221 -0.0279206
-0.164817 -0.0173967 -0.0172043 -0.0852427 -0.050048 -0.0611343 0.110371 -0.0470189 -0.0072951 -0.135879
-0.0982233 0.0724904 0.0326667 0.0869851 -0.0448798 -0.0950679 0.118651 -0.070855 0.0526424 -0.0928477
-0.0322448 0.0137535 -0.0407861 -0.0135579 0.0554715 0.0141028 0.080527 -0.0122182 0.0381426 0.00922561
-0.215675 -0.0567921 -0.147395 -0.0999385 4.61089e-05 0.026534 0.0792403 0.0564079 -0.0370798 -0.152115
-0.111898 0.0622048 0.0749681 0.08971 -0.0703089 -0.10639 0.116623 -0.173479 0.0702796 -0.169131
0.0494881 0.00268542 -0.0217665 -0.0740404 -0.0200027 -0.0398921 0.0785763 -0.0228075 -0.0391694 0.0145888
0.166442 0.0337279 0.0850033 0.0250463 0.155544 0.091027 0.0127767 -0.000853565 0.0458521 0.191637
-0.186992 -0.038704 -0.0818873 -0.0697918 -0.0463531 -0.0374773 0.0528893 -0.00953979 -0.0352366 -0.148665
-0.118628 0.0095142 -0.0185609 -0.0404271 0.0109651 -0.00368603 0.141994 -0.0492163 0.0139684 -0.0565764
-0.0926632 0.069039 -0.00477116 0.106189 0.0502168 0.0350631 0.133666 -0.0336323 0.10123 -0.079763
-0.0992208 -0.0542915 -0.10432 -0.120929 0.032626 0.0019247 0.0370123 0.0566789 -0.0265709 -0.0197902
-0.000861454 0.108649 0.0294238 0.100724 0.0703052 0.0527983 0.163365 0.0481695 0.165787 0.0229228
-0.110498 0.00460551 -0.0720908 -0.0079145 0.0210239 0.00469146 0.0839213 0.00145807 0.029215 -0.0930638
-0.127368 0.0170542 -0.0172977 0.0229582 -0.010577 -0.0207155 0.10777 -0.0628068 0.0266321 -0.0988151
-0.111329 0.00895196 -0.0488254 -0.0617456 -0.0166784 -0.0353722 0.101114 -0.0162191 0.000882114 -0.0889664
-0.132903 0.0586765 -0.02981 0.0246691 0.000136348 -0.0132885 0.156516 -0.0422855 0.0672997 -0.101836
-0.0525947 0.109864 0.079816 0.150294 0.011113 -0.0535559 0.1519 -0.107926 0.0923587 -0.0733138
-0.136343 -0.0716011 -0.144498 -0.10794 0.00979436 0.00715072 0.0271333 0.040323 -0.0528747 -0.111373
-0.126593 0.0731142 0.0279817 0.0976072 -0.0336466 -0.0585882 0.155833 -0.0382519 0.080784 -0.123185
-0.0856146 -0.000668064 -0.0644803 0.00735767 0.0462971 0.0328188 0.103919 -0.0212082 0.0233019 -0.0577375
-0.14129 -0.0460566 -0.126231 -0.0795084 0.0179218 0.0451333 0.0483747 0.0630695 -0.0194523 -0.0930957
-0.181204 0.0520784 -0.015154 0.0604452 -0.085321 -0.0955693 0.153789 -0.0937626 0.062152 -0.190381
-0.0916901 0.0338643 -0.00689273 0.050147 0.0273536 0.0289404 0.149018 0.00816601 0.0707282 -0.0846903
-0.117904 0.0363905 -0.0500592 0.0512503 -0.0157382 -0.00999821 0.109002 -0.00921601 0.0700871 -0.112577
-0.0888044 0.0226917 -0.0235197 -0.0167056 0.050191 0.0170136 0.0850788 5.56392e-05 0.0445461 -0.00694246
-0.0958741 0.0396513 0.0475854 0.0412257 0.0334463 -0.00554183 0.158443 -0.0237886 0.053256 -0.0388302
-0.240896 0.0814888 -0.00528694 0.121538 -0.0406917 -0.0499 0.0860268 -0.0777172 0.0809681 -0.216328
-0.0491958 0.0714549 0.0283339 0.0973139 0.00375912 -0.028729 0.144826 -0.0565862 0.0963716 -0.0417289
0.0375767 -0.0192244 -0.0654104 -0.0327368 0.0030748 0.00171829 0.0327072 -0.00371644 0.00304517 0.00545962
-0.346056 -0.00748004 -0.0992879 0.0179641 -0.0837413 -0.032914 0.155841 -0.00866041 0.0264026 -0.273591
-0.0951815 0.0235571 -0.00672552 0.0135795 0.0248105 0.00203873 0.117177 -0.0405832 0.0470142 -0.0482976
-0.178669 -0.0380069 -0.131759 -0.0482475 0.0306263 0.027141 0.0788034 0.0424104 -0.00188823 -0.122846
-0.0727642 0.0794407 0.00324776 0.116072 0.0123501 -0.0220388 0.117344 -0.0339654 0.0962456 -0.0456271
0.0189613 -0.0114649 -0.0309863 -0.000233339 0.128533 0.0613728 0.102274 -0.00264384 0.0427402 0.0656096
-0.0858064 0.0270601 -0.0387812 0.0131557 0.0116381 -0.0207674 0.0747708 -0.0534253 0.028109 -0.0784345
-0.118822 0.0682195 0.00864145 0.0736253 -0.0264958 -0.0488988 0.185773 -0.0789739 0.0697553 -0.123481
-0.00682209 0.0350749 -0.0100297 0.0268518 0.0385863 -0.00803818 0.08471 -0.0234036 0.0539889 0.00706084
-0.0527887 0.0967753 0.0554431 0.0918738 0.00183236 -0.0589224 0.133575 -0.108925 0.0910346 -0.0495602
-0.00334438 0.112976 0.107929 0.057416 0.00528153 -0.0748126 0.112172 -0.128696 0.0653882 0.00140995
-0.0599395 0.0837501 0.0277361 0.110779 0.0317059 -0.0229879 0.130199 -0.0186342 0.0987117 -0.0311124
-0.0524625 0.0106808 -0.0467609 -0.0224102 0.0538629 0.0407931 0.121901 0.0247203 0.0485745 0.00799946
-0.233773 -0.0451562 -0.161048 -0.093585 -0.024825 0.0274542 0.128459 0.0727629 -0.00433168 -0.172871
-0.00218243 0.0232073 0.00716034 -0.010787 0.012488 -0.0196038 0.0891451 -0.0584341 0.0124839 -0.025122
-0.0413104 -0.00825104 -0.0523154 -0.00940242 0.00030213 -0.0194226 0.0516349 -0.0145786 -0.00254106 -0.0645027
0.0999079 -0.0351141 0.0088183 -0.0983459 0.122475 0.0648649 -0.0423611 -0.0121497 -0.0407992 0.17016
-0.0712304 -0.0160984 -0.0776129 -0.0258582 0.13811 0.138093 0.041398 0.067594 0.066108 0.0583224
0.341244 0.0222922 0.057525 0.0392725 0.151449 0.0647124 0.0543835 0.0108477 0.0436405 0.313885
0.0267858 -0.0180281 0.0245701 -0.0671906 0.143376 0.0928508 -0.00522143 0.0894266 0.0203595 0.171878
0.224705 -0.00422757 0.0576607 0.0197972 0.148269 0.0471177 0.0121492 -0.0559833 0.0406849 0.253976
-0.020411 0.0605916 -0.0304117 0.0346392 0.0567363 0.102216 0.0596448 0.0407191 0.110731 -0.0169863
-0.0123623 0.0136643 -0.035232 -0.0223138 0.0814023 0.0512304 0.0458152 0.010073 0.0319086 0.0258076
-0.148239 -0.136126 -0.161199 -0.12673 0.0872597 0.17906 -0.0509901 0.0831919 -0.0289263 -0.0221585
-0.158605 -0.0512782 -0.101568 -0.102179 0.0801369 0.116288 -0.0638563 0.0970923 -0.0106075 -0.0353613
0.0713157 0.0624016 0.0668242 0.0233592 0.137981 0.0717788 0.0882728 0.0134993 0.0624206 0.157188
-0.0887255 -0.0257544 -0.0671346 -0.11211 0.010038 0.034484 -0.0455222 0.0353611 -0.0507073 -0.0672946
0.0433453 0.0941875 0.0607328 0.142466 0.08105 -0.00409933 0.102408 -0.0422001 0.11609 0.0932415
-0.108054 -0.02133 -0.0868889 0.0435265 0.0441519 0.0415163 0.0114783 -0.0107712 0.0644271 -0.0169412
-0.0347936 -0.0168066 -0.112377 -0.0193699 0.0621851 0.125769 -0.0186803 0.0633095 0.0253587 -0.0132102
0.0010051 -0.00857293 -0.0933504 -0.00406953 0.11878 0.166259 0.078154 0.0705351 0.0796085 0.0261664
0.0334885 0.0320289 0.00488219 -0.0157747 0.00386998 0.0096585 0.0853936 -0.0874316 0.0567666 0.00590932
-0.315435 -0.120033 -0.187292 -0.113185 -0.0047472 0.0769788 -0.0903245 0.243522 -0.111679 -0.368452
0.0548869 -0.0423598 -0.0592237 -0.0587137 0.117635 0.0395705 0.0639635 0.0387599 -0.00479961 0.131544
-0.0321588 -0.0125083 -0.0111436 0.0168198 0.088477 0.0727243 0.0163552 0.0337696 0.06261 0.0455095
-0.162593 -0.0984607 -0.188757 -0.140939 0.0565528 0.135142 -0.0599035 0.130471 -0.0123529 -0.0644525
0.0291557 0.0510048 0.133203 0.0470239 0.0957215 -0.00939678 0.0993861 -0.0499042 0.0649256 0.0903582
-0.160722 -0.0764578 -0.116333 -0.0674592 0.0705001 0.0988237 -0.0516537 0.180236 0.00638492 -0.0879263
0.163174 0.0827841 0.121146 0.0996121 0.144977 0.0203981 0.0864428 -0.0335772 0.0787697 0.17538
0.00695402 0.0482642 0.00303633 0.0968139 0.0898835 0.0523062 0.0635621 -0.0304615 0.123493 0.0822417
-0.117929 -0.0387531 -0.0837129 0.0826326 0.118085 0.128432 -0.0276201 0.0969787 0.0906529 -0.0362899
-0.0302686 -0.072896 -0.066127 -0.091804 0.12902 0.160862 -0.0380298 0.101374 0.0109869 0.0668499
-0.20454 -0.0457706 -0.168261 -0.0208721 0.141105 0.30596 -0.00402518 0.226264 0.143366 -0.0695146
-0.0336506 0.00456391 0.0317398 0.0100101 0.0936382 0.0847759 -0.0552929 0.023577 -0.0138153 0.0637531
0.395028 0.0431094 0.0990673 0.0433221 0.0974782 0.0242533 -0.00605182 -0.090849 0.0702875 0.302401
-0.148984 -0.0294573 -0.148698 -0.0416148 0.104657 0.167353 -0.0380212 0.0786851 0.0941546 -0.0619674
-0.163752 -0.0918539 -0.205821 -0.0583059 0.13715 0.225439 0.0269861 0.137669 0.0646259 -0.0504132
0.206115 -0.0293223 0.0366595 -0.102863 0.0529175 -0.0291246 0.0252847 -0.0727033 -0.0962587 0.183414
-0.117851 -0.0470368 -0.0645446 -0.0770794 0.0452258 0.0445467 -0.0506289 -0.00924093 0.0167541 -0.058199
-0.102402 -0.057962 -0.106685 -0.0990779 0.105438 0.0771833 -0.00957454 0.0769872 -0.031732 0.00181707
0.248354 0.117043 0.309711 2.68917e-05 0.0158389 -0.108421 -0.0691549 -0.263727 -0.0655596 0.113612
0.0122983 0.0682025 0.148657 0.0195576 0.104578 0.00752119 0.0185963 -0.0979154 0.0295031 0.101494
0.182501 0.0307429 0.126998 0.0157376 0.0197792 -0.0346276 -0.0393627 -0.121567 -0.00771459 0.154556
-0.0109975 0.0443601 0.0971322 0.0201381 0.132206 0.0210613 0.0899734 0.012048 0.0336303 0.0905689
-0.080598 -0.0674015 -0.0845368 -0.0607791 0.131938 0.146992 -0.00837769 0.0835908 0.015161 0.0885027
-0.238395 -0.075057 -0.191925 -0.0767645 -0.00715652 0.0743633 0.0354195 0.136706 -0.0108798 -0.166672
-0.20157 -0.158264 -0.145977 -0.210008 0.149451 0.243169 -0.0800349 0.332974 -0.0156526 0.0370788
0.229166 -0.0226957 0.0746791 -0.0873977 0.113048 0.0505034 -0.00746097 -0.035331 -0.0287348 0.252136
-0.161772 -0.00529375 -0.063102 -0.0291805 0.0543995 0.0879578 -0.0264483 0.068629 0.0897868 -0.0904106
-0.112103 -0.108524 -0.132619 -0.144378 0.110585 0.164835 -0.0322326 0.106483 -0.0271459 0.0437318
-0.156846 0.0556272 -0.0662783 0.0831639 -0.00618899 0.00251612 0.0375752 0.0241905 0.107029 -0.0950645
-0.115877 -0.105662 -0.151327 -0.110293 0.0725557 0.15441 -0.0547577 0.157973 -0.0232588 -0.122749
-0.290157 -0.0557876 -0.175103 -0.0588297 -0.0220496 0.0418301 -0.0600161 0.136022 0.00582099 -0.16504
-0.0497164 -0.00417597 -0.0151516 0.0376009 0.200736 0.191652 0.0217042 0.12409 0.114627 0.0619057
-0.0636236 -0.161291 -0.230357 -0.217132 0.0498778 0.183916 -0.107371 0.165207 -0.0867241 -0.080381
0.0637767 0.0270526 0.0465103 0.038513 0.120981 0.134827 0.038453 0.0600502 0.0966833 0.112775
-0.00855154 0.00903333 -0.0468424 0.00516545 0.052385 0.00866291 0.0274425 -0.0146336 0.0404155 -0.0158732
0.278894 -0.0338048 -0.00998217 -0.0479005 0.115392 -0.00578359 0.0453653 -0.0902873 -0.0362271 0.207207
-0.103821 -0.0740822 -0.134548 -0.0769337 0.0190301 0.0280822 -0.0568107 0.0819173 -0.0452222 -0.113833
-0.0347607 -0.0291367 0.0276286 -0.069111 0.131948 0.11914 0.0247478 0.108766 -0.0210177 0.133829
0.0747652 -0.0532709 -0.0249338 -0.0856423 0.146227 0.116399 -0.0101533 0.0762596 -0.0383837 0.180491
0.0220028 0.0438404 0.110114 0.00493281 0.107933 0.0251256 0.0663559 -0.0355903 0.0322161 0.0926185
0.108529 0.0490135 0.104439 0.108025 0.115434 0.0315207 0.0620327 -0.0553361 0.0902138 0.185549
0.0978985 0.0292979 0.0614034 0.0132938 0.157856 0.0679255 0.0739203 -0.0139843 0.0465628 0.173127
-0.230297 -0.109899 -0.176455 -0.106067 0.0399866 0.0931151 -0.036307 0.205709 -0.0502738 -0.147971
0.0930169 0.0114661 0.0392702 0.0205389 0.160797 0.120024 0.0241369 0.0130724 0.0660031 0.166403
0.0581597 0.0298702 0.0209982 -0.023834 0.121108 0.0647418 0.0853929 0.049176 0.0329778 0.125987
-0.137053 0.0794894 0.0159856 0.162929 0.00582851 -0.0116429 0.0515198 -0.1167 0.127881 -0.110712
-0.0935727 -0.016831 -0.0350481 -0.0739083 0.0745418 0.0151655 0.0484942 0.00498641 -0.00644782 0.00536099
0.0950862 0.00785016 -0.0108756 0.0205561 0.161552 0.140125 -0.011345 0.039899 0.0754551 0.128491
0.167251 -0.00184131 0.0618531 0.020795 0.117491 0.0222148 0.0562842 -0.0538518 0.0132319 0.192761
0.248855 0.0133621 0.0397807 -0.0634608 0.0647592 0.00158926 0.044687 -0.0306282 -0.0103984 0.136504
0.132828 0.0499541 0.102167 0.0781108 0.152909 0.0619425 0.0578901 -0.0567638 0.0992339 0.166903
-0.702918 -0.210106 -0.458584 -0.240964 -0.0456845 0.229193 0.0112705 0.560096 -0.103925 -0.582862
-0.407284 -0.163525 -0.321675 -0.182371 -0.0138681 0.152275 -0.0272223 0.257487 -0.0698031 -0.319142
-0.134874 0.0843451 -0.0308932 0.0414612 0.0159312 0.0227465 0.13432 0.0429806 0.107315 -0.102161
-0.256064 -0.10554 -0.202451 -0.140248 0.0140045 0.0941909 -0.0693588 0.074339 -0.0232313 -0.149014
-0.174164 0.0146823 -0.0825988 0.0169964 0.0121222 -0.00451749 0.0648424 0.0996179 0.0654946 -0.0940894
-0.0150279 -0.0434971 -0.0981438 -0.107514 0.00902895 0.0218311 0.00774866 0.0248237 -0.0317183 0.0284269
-0.493661 -0.285331 -0.357294 -0.29008 -0.0151437 0.194638 -0.106014 0.339452 -0.180731 -0.390422
-0.525609 -0.143065 -0.363173 -0.212461 -0.00982584 0.142602 -0.0348395 0.329627 -0.0453104 -0.366302
-0.430027 -0.12693 -0.251754 -0.133321 -0.0168441 0.153951 0.0182376 0.305952 -0.0681168 -0.287272
-0.056328 -0.055466 -0.0924944 -0.0855922 0.0223 0.0417033 0.0148777 0.114829 0.0142342 -0.0432544
-0.128628 0.0793136 -0.0114018 0.00749706 0.0602149 0.080203 0.0736829 0.239562 0.0944163 -0.0504167
-0.213905 -0.106379 -0.165236 -0.267382 -0.0359524 -0.0012134 -0.0196578 0.0752072 -0.154591 -0.124096
-0.458679 -0.14115 -0.335195 -0.175637 0.015847 0.158807 -0.0254262 0.399293 -0.0287353 -0.329758
-0.083535 0.081667 0.0160173 0.0725991 0.0657193 0.0556482 0.0498774 0.0626157 0.118662 0.0137055
-0.214796 -0.0532643 -0.161091 -0.0277445 0.111094 0.212672 -0.0334138 0.090756 0.077626 -0.0790846
-0.166737 -0.0838967 -0.158691 -0.17212 0.0877636 0.126769 -0.0121173 0.193924 0.000528695 -0.0272481
0.144927 -0.0305598 -0.0751836 -0.00633449 0.138763 0.185926 0.0400969 0.221713 0.0554011 0.163342
-0.308364 -0.180311 -0.298866 -0.163204 0.0836681 0.170149 -0.0271528 0.215357 -0.0604717 -0.214358
-0.16944 -0.00479583 -0.0994966 -0.0558007 0.0549278 0.101969 0.0244824 0.0593619 0.0442451 -0.0588982
0.0895201 0.0956536 0.0942564 0.172261 0.0278995 -0.0226507 0.0756909 -0.0419144 0.130443 0.0674548
-0.265955 -0.0518316 -0.231506 -0.0371499 0.094371 0.157456 0.0233134 0.236575 0.0750462 -0.156179
-0.249513 -0.00118489 -0.0939845 -0.0269703 -0.0329652 -0.0309692 0.0336685 -0.00615055 0.0123236 -0.16326
-0.223394 0.000532452 -0.12376 0.0729488 -0.0440761 -0.0028371 0.0592939 0.0561278 0.0439754 -0.199213
-0.0101203 -0.0498052 -0.0689228 -0.0995635 0.128622 0.124342 -0.014992 0.105879 -0.00566078 0.106118
-0.735573 -0.327154 -0.695896 -0.463169 0.00322154 0.245709 -0.193622 0.571454 -0.221387 -0.45675
-0.260111 -0.158586 -0.226487 -0.160337 0.0927521 0.243272 -0.0938686 0.299502 -0.0159583 -0.069922
-0.560042 -0.171 -0.336001 -0.147223 -0.0264885 0.162055 -0.0148265 0.437951 -0.0304947 -0.36021
-0.256079 -0.0810739 -0.153193 -0.0165621 0.0211226 0.0710779 -0.0434203 0.155021 0.0394207 -0.212837
-0.0131645 0.101277 0.0709913 0.0619839 -0.0139963 -0.0644081 0.0471488 -0.0505441 0.0603977 0.0204441
0.0220449 -0.0260933 -0.00349074 0.0372155 0.0460359 0.0366391 0.0493527 0.071527 -0.0159323 -0.00217814
-0.273569 -0.0714797 -0.21595 -0.0907671 -0.000703411 0.084631 0.0144212 0.22301 0.00539946 -0.202367
-0.420783 -0.133109 -0.368871 -0.24768 -0.0228519 0.0584231 -0.0286838 0.19206 -0.078783 -0.254394
0.0747587 0.0793444 0.0117685 0.00204422 0.106344 0.0859816 0.212357 0.0338959 0.0972292 0.0661141
-0.436201 -0.0811413 -0.19382 -0.169038 -0.034412 0.0493539 -0.0237081 0.173454 -0.0451113 -0.260853
-0.193738 -0.00135507 -0.0567334 0.015644 0.123824 0.11476 0.131928 0.285287 0.0826675 -0.09582
0.137747 -0.0539339 -0.0604622 -0.10724 -0.0793589 -0.10549 -0.0313888 0.106727 -0.0659745 0.0386771
-0.203361 -0.161883 -0.240895 -0.193194 -0.128293 0.0115876 -0.0509623 0.133028 -0.114035 -0.229177
-0.0169239 0.0315324 -0.0453827 0.0250924 0.104514 0.14647 0.0428795 0.05841 0.112857 0.0408473
-0.272544 -0.0527057 -0.199022 -0.0810871 0.0455516 0.137993 0.0484052 0.136876 0.03717 -0.139166
0.0127694 0.0412952 -0.0112985 0.0163395 0.10424 0.0585522 0.0648722 0.00998415 0.0559224 0.0790801
-0.109408 -0.0375758 -0.0666477 -0.0919812 0.0291285 -0.00242169 0.00693619 0.0296562 -0.0307895 -0.0350126
-0.162845 -0.0818241 -0.143161 -0.05042 0.178432 0.184756 -0.0477316 0.253362 0.000168981 -0.0505225
-0.747885 -0.299212 -0.510865 -0.284035 -0.0912834 0.132509 -0.00842525 0.41992 -0.192546 -0.581722
-0.152662 -0.0845551 -0.130953 -0.108463 0.0670131 0.121055 0.0063967 0.0809425 -0.0411844 -0.0584733
-0.565314 -0.258678 -0.477298 -0.284774 -0.112742 0.111492 -0.143366 0.42595 -0.17667 -0.430889
-0.661683 -0.261213 -0.508056 -0.301406 0.0197756 0.285864 -0.142827 0.51523 -0.134188 -0.422733
-0.0244358 0.0105501 -0.108013 0.0334441 0.00122989 0.0413902 0.111523 0.014841 0.0730071 -0.02273
-0.193371 0.0352526 -0.0420918 -0.0860707 -0.0326555 -0.023316 0.0316347 0.0151418 -0.0248597 -0.117382
-0.0272195 -0.017039 -0.0844539 0.00769508 0.123955 0.13163 -0.0320496 0.10006 0.0643428 0.0818912
-0.0872696 -0.023953 -0.0614938 -0.132207 0.00995266 0.00104524 0.0359874 0.021858 -0.0530942 -0.0501924
-0.0347607 -0.0291367 0.0276286 -0.069111 0.131948 0.11914 0.0247478 0.108766 -0.0210177 0.133829
-0.0511252 0.0190095 -0.00848702 -0.00237126 0.0873674 0.0989613 0.0313547 0.0920001 0.0538461 0.0132625
0.00909773 -0.040486 -0.141789 -0.115018 0.0132034 0.0749671 0.0305004 0.181678 -0.0231334 -0.0102552
0.139115 0.0325005 0.0731466 0.0519675 0.154644 0.108304 0.0363825 0.0149912 0.0793006 0.243476
-0.00212067 0.0222396 -0.0112205 0.0268364 0.112379 0.084053 0.0455978 0.0395794 0.0718804 0.039742
-0.0452184 -0.00622844 -0.0539398 -0.0442385 0.0798567 0.0911684 0.0588226 -0.00506826 0.0150023 -0.0569347
-0.242066 -0.101857 -0.148126 -0.136676 0.0307454 0.163991 -0.0641334 0.351569 -0.0348087 -0.133713
-0.163931 -0.168553 -0.265417 -0.151403 0.0845544 0.183814 -0.0255952 0.348812 -0.038101 -0.0739555
-0.0896928 -0.126654 -0.190168 -0.302464 -0.0230057 0.0722506 -0.119758 0.319162 -0.168081 -0.239453
-0.1757 -0.0636543 -0.11894 -0.067073 0.0198232 0.129056 -0.128399 0.214641 0.022966 -0.0755304
-0.532611 -0.188866 -0.336476 -0.147676 0.0297981 0.224541 -0.0701797 0.276764 -0.00567068 -0.363683
-0.167433 -0.0311574 -0.0970117 -0.139428 0.00796468 0.041213 0.00286679 0.116735 -0.0201398 -0.0633127
-0.0343281 0.00346395 -0.0499058 0.0602657 0.180876 0.121529 0.0883952 0.144821 0.113145 0.0582489
-0.0616602 -0.02247 -0.02562 -0.0354344 0.127825 0.124822 0.0100848 0.120459 0.0354469 0.0420869
-0.588168 -0.271551 -0.469166 -0.321074 -0.00776425 0.213947 -0.0454764 0.492582 -0.149615 -0.423947
-0.239056 -0.0399584 -0.122574 -0.0446095 0.0305378 0.106251 0.00601694 0.0670195 0.0335977 -0.199872
-0.132107 0.153917 0.270804 0.0914033 -0.0322654 -0.168721 0.0370207 -0.208639 0.0126801 -0.0502859
0.196464 0.12534 0.152627 0.155372 0.10065 0.0179578 0.0375084 -0.0442523 0.104434 0.188457
0.0459962 0.068285 0.081905 0.105434 0.064452 0.0358892 0.0773495 0.00934798 0.0792388 0.0824427
0.129354 0.135323 0.162766 0.11922 -0.047788 -0.122704 0.00128349 -0.124337 0.0160905 0.04622
0.206606 0.13796 0.194944 0.175321 0.122051 0.0162704 0.049392 -0.0649712 0.130577 0.220231
-0.0334952 0.240337 0.358986 0.150724 0.0179236 -0.101742 0.00503585 -0.181537 0.0478326 -0.0283277
-0.0864529 0.105611 0.184193 0.127584 0.0530167 -0.0337136 0.0719494 -0.0570436 0.0857019 0.0362199
-0.319206 0.0654917 0.0794347 0.0425237 -0.131132 -0.11412 -0.0495204 -0.131467 -0.0345184 -0.262631
0.177476 0.169636 0.238407 0.190762 0.0560566 -0.0468976 0.0461447 -0.0918478 0.121569 0.132878
-0.102531 0.271486 0.32224 0.257904 -0.0308113 -0.151653 0.119159 -0.203811 0.155428 -0.0874177
0.0143191 0.148859 0.178802 0.175128 -6.55448e-05 -0.0771264 0.035861 -0.106934 0.10714 0.0516529
0.058484 0.173402 0.220668 0.190747 -0.011854 -0.0786503 0.0433192 -0.0687143 0.107178 0.00227114
-0.081849 0.145493 0.198581 0.130737 -0.0500563 -0.104958 0.000976347 -0.170927 0.077187 -0.0182309
0.43361 -0.0452274 0.0558938 -0.0563177 0.124362 0.0317593 -0.0519116 0.0117385 -0.0527784 0.374262
0.0463905 0.103159 0.326159 0.023564 -0.0282997 -0.117602 -0.0229413 -0.227822 -0.0636112 0.0478456
-0.107823 0.188746 0.248102 0.201035 -0.0234619 -0.108964 0.0724877 -0.111463 0.122732 -0.0234822
-0.0680532 0.19693 0.281589 0.123908 0.00172502 -0.082944 0.0475052 -0.139493 0.0584764 -0.0304505
0.11942 0.12202 0.174079 0.168443 0.0614449 -0.00888691 0.0638085 -0.0507255 0.116559 0.0960896
0.0557762 0.0472438 0.184323 0.021228 0.0343221 -0.0298075 0.00739016 -0.106406 0.0133188 0.0958393
-0.140583 0.157407 0.19085 0.102273 -0.0241247 -0.113607 0.065628 -0.152872 0.027111 -0.104958
0.193102 0.195429 0.192462 0.226376 0.0426598 -0.0383813 0.0813301 -0.0762072 0.12423 0.153129
0.191815 0.0191555 0.0754336 0.00357049 0.112654 0.025168 0.00111243 -0.0456912 -0.00548128 0.227888
0.285336 0.0354731 0.288449 -0.0463222 -0.0234369 -0.100326 -0.034207 -0.223582 -0.101052 0.0712222
-0.0973744 0.271894 0.272417 0.336335 -0.120454 -0.188987 0.103043 -0.216049 0.147232 -0.159314
-0.0995869 0.00374917 0.0375832 -0.0855233 0.0293383 -0.0273793 -0.0241398 -0.06668 -0.0505591 -0.0277375
0.165601 -0.0516077 -0.0230168 -0.0742751 0.104872 0.0495557 -0.028851 -0.0708365 -0.0141834 0.221684
-0.0101916 0.0714216 0.119256 0.0197656 0.0799664 0.0110937 0.0436657 -0.00225142 0.0509485 0.0791579
-0.079234 0.189935 0.366139 0.100353 -0.0232116 -0.127196 0.0602045 -0.184199 0.0449404 -0.0308904
0.13988 -0.0171686 0.0376528 -0.100813 0.025211 -0.0224189 0.0120674 -0.114972 -0.0604965 0.0796914
0.00770633 0.110279 0.251679 0.0801322 0.0283172 -0.08542 0.0199184 -0.18879 0.0235022 0.0276166
0.0317866 0.206537 0.191268 0.243102 0.0162859 -0.0839337 0.0896699 -0.14422 0.127775 0.0088263
0.0338847 -0.0297654 -0.00870761 -0.0970574 0.0434422 0.0421818 -0.0544756 -0.0148309 -0.033147 0.021291
0.399773 -0.0717996 -0.0536571 -0.1154 0.0574266 0.0535355 -0.0496868 -0.00904286 -0.0544893 0.322744
0.0682738 -0.0864554 -0.122549 -0.177115 -0.0629587 -0.00803623 -0.110476 -0.054746 -0.0651334 -0.026469
-0.103618 0.120543 0.261762 0.0925136 -0.0862335 -0.134198 -0.0241064 -0.225081 0.00170199 -0.0904278
0.467048 -0.0255443 0.149727 -0.0638086 -0.0278325 -0.0630688 -0.0773823 -0.239163 -0.106349 0.14492
-0.141684 -0.0158361 -0.0541073 -0.0729031 0.0306323 0.0264652 -0.0470219 0.00671599 -0.0104423 -0.0711254
-0.0819385 0.116903 0.0839032 0.10301 0.00776283 0.017686 0.0648902 -0.0424795 0.108538 -0.0340899
-0.0906857 0.0669773 0.103493 -0.0380591 -0.120679 -0.153168 -0.0409671 -0.208639 -0.0865298 -0.15686
0.0780003 0.0140908 0.214463 -0.0113051 0.0309524 -0.0302152 -0.00948103 -0.132055 -0.0685388 0.0767457
0.17314 0.212729 0.240564 0.244109 -0.00735152 -0.11262 0.100918 -0.151013 0.152586 0.0889073
-0.205694 0.110148 0.156736 0.161566 -0.0313006 -0.0603265 0.0312733 -0.0865265 0.0935995 -0.103017
-0.0766519 0.152532 0.293734 0.0861062 -0.0202903 -0.100022 -0.000799808 -0.153551 -0.00964917 -0.0764594
-0.0728164 0.187782 0.167542 0.0774955 0.0621347 -0.0308472 0.00373823 -0.105856 0.0612814 0.0185335
0.240488 0.149818 0.229624 0.135391 0.0821998 -0.0275586 0.064216 -0.0588573 0.099807 0.265956
0.0509667 0.11366 0.127214 0.108445 0.0475225 -0.0342445 0.0432877 -0.0844057 0.0828867 0.0791113
-0.0573876 0.142952 0.22616 0.161453 0.0519845 -0.0428232 0.0476388 -0.0547949 0.0928891 0.0218308
0.225443 0.229049 0.258218 0.242039 0.0533365 -0.0513118 0.100305 -0.0655277 0.173335 0.191326
0.14613 0.107957 0.192158 0.0916308 0.118918 0.045687 -0.000734727 -0.0322275 0.0890027 0.182841
-0.0205494 0.0691025 0.215146 -0.0282129 -0.0458272 -0.148526 -0.088303 -0.269107 -0.102624 -0.0670378
0.147496 0.090858 0.211343 0.0271038 -0.00170967 -0.0673929 -0.000595973 -0.222704 -0.0447033 0.0265161
0.260259 0.0639471 0.155191 0.0217065 0.0743843 -0.030528 0.00863446 -0.0797153 -0.00978805 0.244327
-0.10394 0.0679186 0.15014 0.0515385 0.0456344 -0.0203866 0.0197306 -0.0656289 0.00201988 -0.00813402
-0.0973744 0.271894 0.272417 0.336335 -0.120454 -0.188987 0.103043 -0.216049 0.147232 -0.159314
-0.10224 0.142568 0.227712 0.156297 0.0384165 -0.0899987 0.0635083 -0.136284 0.0759563 0.0359332
-0.137653 0.199103 0.31172 0.198353 -0.0668255 -0.171476 0.0486653 -0.233579 0.0542621 -0.124794
0.282409 0.0949754 0.222626 0.0728662 0.00738673 -0.0914632 -0.00297068 -0.228256 -0.00771048 0.102867
0.329884 -0.0522584 0.0454471 -0.0424533 0.0323778 0.0449933 -0.0765674 -0.0434846 -0.0149261 0.259469
-0.0299748 0.183973 0.214078 0.216535 0.031879 -0.0671935 0.112291 -0.105356 0.136262 -0.00256112
0.243839 -0.0217678 0.0859391 -0.110572 -0.0202543 -0.0184906 -0.0909516 -0.0941556 -0.0763673 0.122767
-0.212469 0.0992129 0.211677 0.0659453 -0.07907 -0.134022 -0.0524097 -0.174605 -0.0212174 -0.137675
0.0072695 0.130797 0.246699 0.101476 0.00567191 -0.0588295 0.0558575 -0.0961648 0.0683975 0.0152303
0.0630886 0.227627 0.187043 0.285259 -0.0342476 -0.106583 0.134711 -0.123655 0.15781 -0.0412918
-0.0381485 -0.0631772 -0.020446 -0.147968 0.0274141 0.0159229 -0.0802957 -0.103467 -0.0847286 0.000519749
-0.068074 0.001258 -0.0818426 -0.024735 -0.0195185 -0.0280064 -0.0250985 -0.0831794 -0.00818905 -0.102468
0.201075 -0.0789812 -0.109007 -0.0922643 0.0620834 0.0314572 -0.00729779 0.0390994 -0.0699603 0.114609
-0.201737 0.151023 0.28755 0.167569 -0.0370782 -0.0738574 0.0609533 -0.128176 0.0619719 -0.18453
-0.346599 0.144755 0.0547418 0.0886303 -0.205234 -0.244589 -0.0652192 -0.184629 -0.00867031 -0.324639
-0.0371574 0.12355 0.0511146 0.184424 -0.0268935 -0.0542963 0.0307004 -0.0517295 0.157588 -0.0550532
-0.0772281 0.192971 0.317981 0.162671 -0.0696953 -0.18479 0.0557174 -0.224816 0.0427957 -0.0361592
-0.116256 0.0746796 0.0796518 0.00584133 0.0151134 0.00421624 0.00196068 -0.107118 0.021642 -0.0742216
0.0694829 0.121051 0.0562764 0.104781 -0.0269697 -0.0816624 0.0565262 -0.0456025 0.0965436 0.0575996
-0.141239 -0.00864534 -0.039143 -0.0470846 -0.00943621 0.00597835 -0.00785313 0.0228871 0.00948467 -0.0839182
-0.30816 -0.0128051 -0.143409 0.04177 -0.0998215 -0.0872659 0.0420266 -0.171947 0.0328251 -0.296121
-0.137468 0.131522 0.0332089 0.0901757 -0.0526371 -0.0915291 0.0843017 -0.10284 0.104937 -0.108536
0.0228283 0.0807182 0.0348279 0.0546064 0.118207 0.0694591 0.0540578 -0.000903562 0.102594 0.0943785
-0.197867 0.0598779 -0.0704423 0.0627466 -0.0141642 -0.0213616 0.0378745 0.0251237 0.0952455 -0.143733
0.0563389 0.0938788 0.0266179 0.0636452 -0.0463489 -0.0984224 -0.0204381 -0.0966487 0.0101882 -0.0425345
-0.149292 0.0904934 0.00022153 0.153276 0.0237786 4.932e-05 0.0443637 -0.0126717 0.159538 -0.039897
-0.149782 0.0377755 -0.0606772 0.0427298 -0.0177784 0.00400551 0.0142013 0.0483007 0.0697004 -0.0861219
0.130384 0.0438466 0.0302027 0.0569978 -0.000690236 -0.0316486 -0.0163529 -0.0797194 0.0549323 0.0745602
-0.388748 -0.202293 -0.298934 -0.201925 0.0526863 0.199174 -0.0672282 0.293342 -0.0881597 -0.21428
-0.30806 0.188801 0.231736 0.0865057 -0.0907178 -0.155551 -0.0147012 -0.203065 -0.0139517 -0.199543
-0.208019 0.00746297 -0.028785 -0.0827623 0.0103267 0.0209027 -0.0133208 -0.0234845 -0.020042 -0.114271
-0.283099 0.067462 -0.0545347 0.13224 -0.0599185 -0.0292312 0.0670517 -0.0210122 0.10825 -0.232999
-0.161216 0.322456 0.260251 0.327695 -0.0914888 -0.234664 0.0805254 -0.218306 0.193839 -0.103922
-0.108453 0.266483 0.214117 0.268486 -0.0809091 -0.174058 0.0289065 -0.202956 0.140719 -0.128159
-0.0141192 0.165926 0.299938 0.0513155 -0.0511182 -0.179944 0.0261707 -0.314904 -0.0575504 -0.00935326
-0.173241 0.27013 0.143246 0.24012 -0.129399 -0.218289 0.0933888 -0.226033 0.104852 -0.193258
0.0273847 0.192456 0.118842 0.157822 -0.0758485 -0.141352 0.084057 -0.152164 0.111645 -0.0518106
-0.0538421 0.236779 0.201602 0.347131 -0.0317433 -0.150811 0.0436586 -0.0676037 0.180643 -0.0267665
0.0603633 0.126234 0.0321428 0.117161 0.0273956 -0.0149 0.085556 -0.0475146 0.110774 0.0340367
0.0871022 0.0872919 0.0988647 0.12393 0.0470239 -0.0654323 0.0404125 -0.150965 0.0800843 0.0669327
0.0304683 0.0321727 -0.0030889 6.51856e-06 0.0900319 0.0291575 0.0712475 -0.0140923 0.0386549 0.088918
-0.0404169 0.0833167 0.00459969 0.078184 0.102979 0.0782917 0.047003 0.0228171 0.156964 0.0646753
-0.341294 -0.036762 -0.1861 0.0334284 -0.0946251 -0.00546104 -0.0114871 0.0239485 -0.000966253 -0.35192
-0.32105 0.0757254 -0.0280308 0.0993575 -0.130109 -0.126193 0.0382674 -0.208657 0.0454926 -0.307565
-0.199503 0.0715518 -0.0714379 0.0166475 -0.046001 -0.0158314 0.0753219 -0.055055 0.0801429 -0.155551
-0.184598 0.00912136 -0.102591 -0.0705576 -0.0436194 0.0101295 -0.0573946 -0.0818057 0.00722774 -0.170507
-0.168251 0.155824 0.0567751 0.214414 -0.0578829 -0.0650835 0.108494 -0.0243262 0.183544 -0.132899
-0.139411 0.134067 0.00667815 0.181761 -0.0962429 -0.111666 0.088178 -0.038664 0.11406 -0.19711
-0.267961 -0.0111679 -0.0914031 -0.0382853 0.0131269 0.103913 0.00226082 0.117098 0.0780567 -0.165364
-0.00859732 0.0544932 0.0528988 0.0863022 0.0614126 0.0403392 0.0594154 -0.0340982 0.107605 0.0311368
-0.0460617 0.165793 0.16851 0.225944 0.00670988 -0.0537198 0.0816859 -0.0904249 0.145239 -0.0103407
-0.102311 0.123806 0.0432545 0.189045 0.00083483 -0.0285706 0.0908145 -3.88118e-05 0.159927 -0.0559604
-0.211746 -0.0107516 -0.132758 0.000848366 0.0322486 0.113561 0.00809088 0.162401 0.0923631 -0.113214
-0.0512057 -0.125 -0.230349 -0.198497 -0.0358215 0.0506142 -0.0430687 0.0995644 -0.103354 0.0466445
-0.114908 0.053233 0.00533096 0.107548 -0.0177838 -0.0422575 0.0081693 -0.0701464 0.068528 -0.0569352
-0.0966687 0.178634 0.117985 0.171271 -0.0101165 -0.0868669 0.117408 -0.114239 0.0928244 -0.0939214
-0.0525725 0.104903 0.0276648 0.107587 -0.0743613 -0.112721 0.0345536 -0.134568 0.0857305 -0.0772218
-0.144079 0.111693 0.0358693 0.0495144 0.0428179 0.0638687 0.0513076 0.0389571 0.0899567 0.0221348
-0.283215 -0.0171972 -0.139004 0.0151096 -0.00890769 0.00251099 0.00018403 0.0516436 0.0591663 -0.201784
-0.0608093 -0.0256021 -0.0852692 0.030265 0.12737 0.0849546 0.0529361 0.0257939 0.0527483 0.0360427
-0.0497921 0.0814762 -0.00344202 0.0733215 0.0166033 0.0185581 0.0289004 -0.00525811 0.107352 -0.0193192
0.118528 0.182022 0.136498 0.220086 0.0281429 -0.0425426 0.0913534 -0.115135 0.165873 0.0819159
0.0884295 0.140425 0.105248 0.097773 0.00671683 -0.0479064 0.0594199 -0.0815532 0.0766361 0.0586421
-0.250292 0.189788 0.10298 0.248936 -0.157547 -0.206433 0.0420374 -0.207185 0.114879 -0.254962
-0.189998 0.0272786 -0.0187366 0.0351097 0.0017243 -0.00443805 0.0103523 -0.0314281 0.0534673 -0.130541
-0.0893829 0.125958 0.0877459 0.206665 -0.0649585 -0.172488 0.0670237 -0.126472 0.108584 -0.118107
0.00596282 0.123873 0.0403091 0.0892635 0.00565485 -0.056546 0.095932 -0.0748435 0.10282 0.0363965
-0.185847 0.109243 0.10253 0.0864134 -0.06715 -0.0903494 0.0421499 -0.108322 0.0651797 -0.108145
0.117598 0.00234256 -0.0170387 -0.012003 0.101197 0.0455449 0.0187709 -0.00536249 0.0234973 0.155313
-0.194899 0.0401376 -0.0480517 0.00782433 -0.0136235 -0.00852611 0.0438037 -0.00798207 0.064747 -0.111406
-0.0847364 0.228849 0.291573 0.178485 -0.136662 -0.206908 0.0353841 -0.24037 -0.00362115 -0.153298
-0.398326 -0.0952651 -0.258743 -0.142032 0.0521117 0.248735 0.00828796 0.269011 0.0465564 -0.227215
-0.268653 0.0421477 -0.096523 -0.0223999 -0.136392 -0.166502 -0.0115263 -0.125039 -0.043071 -0.269055
-0.023494 0.0942386 0.0154282 0.0696208 -0.0254334 -0.0535642 0.0505428 -0.116204 0.0823503 -0.0374398
-0.259857 0.136747 -0.0298943 0.175503 -0.0922881 -0.0448194 0.0598489 -0.03131 0.1676 -0.206996
-0.111078 0.238756 0.169099 0.267412 -0.0539276 -0.144047 0.0925093 -0.126198 0.170124 -0.0395982
-0.0435508 0.0626401 0.0364789 0.0645759 0.0469077 0.00185447 0.00859979 0.0119441 0.0854253 0.0118297
-0.0662067 0.106917 0.0120449 0.145867 -0.0276325 -0.0543177 0.0691805 -0.0723646 0.149197 -0.0464979
-0.037225 0.22859 0.182015 0.185599 -0.031284 -0.0985433 -0.0382102 -0.127707 0.0199892 -0.0419002
