
0.0883998 -0.0717755 -0.104771 -0.15373 -0.0122834 0.0271384 -0.0467678 0.00165998 -0.0672445 0.0361928
-0.155248 -0.0277513 -0.102865 -0.0712185 0.0642167 0.097061 -0.00167803 0.0530476 0.00768421 -0.0527827
0.0423187 -0.0722655 0.000541005 -0.00868497 0.0371877 -0.0760951 -0.0979596 -0.149572 -0.0438039 0.0971752
0.0644036 -0.0994697 0.0144823 -0.0488042 0.0625954 -0.0279095 -0.0784401 -0.101344 -0.0553847 0.145041
0.212798 -0.0878035 0.011223 -0.104452 0.0239056 -0.0301336 -0.0888493 -0.104597 -0.100539 0.132443
0.0394801 -0.0877657 -0.0385701 -0.0620948 0.0399878 -0.00124535 -0.0927511 -0.0408613 -0.0412831 0.0918843
0.0640783 -0.034153 -0.034869 -0.0197788 0.0621862 -0.000471121 -0.0487359 -0.0793234 0.00536806 0.0948876
0.0246844 -0.0749476 -0.0437175 -0.0299416 0.0358399 -0.00801098 -0.0489392 -0.0667779 -0.0282281 0.0912814
0.00841083 -0.0753668 -0.0608182 -0.0674451 0.067847 0.064799 -0.0831929 -0.0273201 -0.0519851 0.108469
0.0954534 -0.0764362 -0.0697619 -0.0728755 0.0395066 -0.00934131 -0.0150031 -0.0748959 -0.0451651 0.0960905
0.0516389 -0.0782296 -0.00946633 -0.0389 0.0555759 -0.0218491 -0.0864437 -0.126089 -0.0446218 0.0912426
0.053712 -0.0565963 -0.00691594 -0.0283962 0.0316768 -0.0367442 -0.0542784 -0.0832806 -0.0254247 0.113218
-0.0225091 -0.0377015 -0.0280304 -0.0291547 0.0545894 0.0012759 -0.0308728 -0.06901 -0.00265365 0.0454267
0.0922171 -0.0721935 0.00766679 -0.023808 0.0292888 -0.0376101 -0.099703 -0.100728 -0.0548079 0.151701
0.0257105 -0.0450545 -0.0320727 -0.0123092 0.0207664 -0.0201063 -0.0503765 -0.0576247 -0.012371 0.0508438
0.366649 -0.115087 0.0551007 -0.160879 0.0241607 -0.0475574 -0.106666 -0.113651 -0.163624 0.0904145
-0.0950199 0.0201143 0.0240608 0.0632729 0.0190154 -0.0479776 -0.0543709 -0.100307 0.0362499 -0.056203
-0.0161994 -0.0396948 0.00304276 -0.0364375 0.0357571 -0.0224302 -0.0118462 -0.084457 -0.0162442 0.0315368
0.331118 -0.0501011 0.0435398 -0.042705 -0.0569903 -0.137721 -0.0115987 -0.169751 -0.06633 0.206385
0.372698 -0.0134662 0.111862 -0.0153394 -0.0473064 -0.194194 -0.055229 -0.220867 -0.0718329 0.265798
0.413222 -0.00789647 0.0674807 0.0239254 -0.103238 -0.179732 -0.01104 -0.168263 -0.0581768 0.240787
0.434784 -0.0526529 0.0679787 -0.0537289 -0.0687084 -0.159817 -0.0424247 -0.185397 -0.126002 0.252762
0.286268 -0.0674243 0.088664 -0.0314803 -0.0140586 -0.104034 -0.0720357 -0.146127 -0.0940773 0.127525
0.508774 -0.0288661 0.0984691 -0.0810736 -0.0819295 -0.205481 -0.0744769 -0.246957 -0.119711 0.249763
0.515854 -0.0870477 0.023295 -0.192192 -0.0454218 -0.176448 -0.118946 -0.18122 -0.143925 0.255662
0.338493 -0.0599028 0.0843166 -0.0345542 -0.0271396 -0.135738 -0.0461911 -0.140841 -0.1079 0.125158
0.0834043 -0.0846604 -0.0239764 -0.0617191 0.0399052 -0.00145083 -0.0485332 -0.0398768 -0.0804073 0.103684
-0.0765199 -0.0576675 0.0500001 -0.0495409 0.053688 0.0317537 -0.0456935 -0.0156422 -0.0467777 -0.00906228
-0.0570841 -0.0718714 0.00225175 -0.0877987 0.0626358 0.0285214 -0.0574681 -0.00961025 -0.0506123 0.053109
0.462994 0.0026987 0.133518 -0.0051878 -0.10728 -0.245101 -0.0900899 -0.24354 -0.0565444 0.25949
0.28818 -0.0822116 0.0367974 -0.061285 0.000901614 -0.140599 -0.11062 -0.187543 -0.133591 0.151634
0.399264 -0.0769013 0.0765194 -0.0522556 -0.0703425 -0.1137 -0.0730402 -0.143354 -0.141539 0.202943
0.446039 -0.0858263 0.0755482 -0.076667 -0.0707454 -0.173899 -0.118309 -0.165871 -0.18032 0.183471
0.448041 -0.089219 0.0880481 -0.137191 -0.0266809 -0.131227 -0.131806 -0.183821 -0.154367 0.177248
0.418487 -0.0561205 -0.00546064 -0.0703166 -0.0549236 -0.124511 -0.112987 -0.158924 -0.10943 0.235655
0.141748 -0.061689 0.0876453 -0.0585501 0.0136321 -0.0902958 -0.0781294 -0.153625 -0.117603 0.0875859
0.180162 -0.0265648 0.166427 -0.000156736 0.00601744 -0.106446 -0.0399824 -0.172635 -0.078459 0.0527772
0.47151 -0.0247433 0.0530468 -0.0190384 -0.112095 -0.222791 -0.0498434 -0.216786 -0.089846 0.27597
0.384458 -0.0245242 0.0734197 -0.0339966 -0.0587649 -0.131268 -0.0493192 -0.165349 -0.0807378 0.169079
0.417243 -0.0345471 0.00135155 -0.0172533 -0.108206 -0.148462 -0.0510939 -0.179177 -0.0677375 0.236007
0.545264 -0.0868128 0.077465 -0.104938 -0.145421 -0.232659 -0.110504 -0.215186 -0.202561 0.257685
0.684298 -0.0917523 0.0635206 -0.151568 -0.0678742 -0.162628 -0.128511 -0.209457 -0.194397 0.232239
0.0900813 0.101525 0.191645 0.0352717 -0.0494802 -0.179005 0.0156163 -0.187828 0.0076753 -0.0319561
0.485414 -0.0401916 0.11743 -0.0280956 -0.115086 -0.159497 -0.0666217 -0.217143 -0.0860517 0.173943
0.188911 -0.0151124 -0.010276 -0.0653819 -0.052061 -0.0895942 -0.101208 -0.102446 -0.0496611 0.0364091
0.381695 0.0322433 0.137892 0.0193018 -0.10747 -0.242766 -0.058726 -0.294707 -0.0589817 0.104286
0.103201 -0.072294 -0.0436377 -0.113733 0.02724 0.0227276 -0.101776 -0.015014 -0.0731808 0.0943347
-0.0605938 0.092247 0.279964 0.0613573 -0.0294197 -0.111145 0.0461073 -0.139379 0.00252159 -0.0373551
0.305043 0.049656 0.101082 0.0245338 -0.09239 -0.184671 -0.0375604 -0.20547 -0.0371398 0.084653
0.202133 -0.0239582 0.0989399 -0.0152954 -0.0489259 -0.149487 -0.0286191 -0.144856 -0.118248 0.0495515
0.603759 -0.114313 0.0272685 -0.131844 -0.0948785 -0.19085 -0.126779 -0.189522 -0.1662 0.276807
0.519259 -0.0475291 0.108412 -0.132106 -0.0855958 -0.206522 -0.0788038 -0.228004 -0.163713 0.204869
0.336874 -0.0774881 0.0155892 -0.061109 -0.0489378 -0.105256 -0.0713397 -0.147855 -0.0913635 0.150957
0.380216 -0.0465811 0.088929 -0.0727874 -0.0323329 -0.13165 -0.0363961 -0.191898 -0.110074 0.14046
0.252553 -0.0699987 -0.00280655 -0.0828763 -0.00870138 -0.0535599 -0.0244621 -0.076766 -0.0948753 0.163322
0.280819 -0.0427152 0.124782 -0.0232519 0.00723108 -0.135901 -0.0486141 -0.223187 -0.0910797 0.0734386
0.371471 -0.0224791 0.122927 -0.0287556 -0.0489958 -0.142252 -0.0644915 -0.186745 -0.132963 0.124212
0.50736 -0.0577357 0.0152477 -0.0683285 -0.108216 -0.184948 -0.0680311 -0.16318 -0.0998269 0.267472
0.340576 -0.122082 0.0241729 -0.0897025 -0.0320803 -0.118705 -0.138684 -0.152021 -0.13265 0.205755
-0.0888872 0.110969 -0.00163326 0.0955607 -0.0325153 -0.0568277 0.0435542 -0.0748389 0.0921836 -0.0317131
-0.038515 -0.0893567 -0.173963 -0.170155 -0.00439402 0.12177 -0.0558637 0.162081 -0.0920929 0.0635939
-0.342634 -0.0777092 -0.264356 -0.119589 0.0729622 0.270525 -0.00698779 0.416483 0.0115719 -0.165127
-0.0749451 0.0692608 -0.00673951 0.117842 -0.0360652 -0.0776547 0.0166027 -0.108025 0.114089 -0.0525066
-0.193224 0.0530766 -0.00526594 0.0322156 -0.0247243 -0.00368732 0.0279871 0.0183487 0.0649609 -0.102277
-0.252601 0.107942 -0.110229 0.124642 -0.0333338 0.0899864 0.0809986 0.131971 0.102201 -0.220273
-0.168963 0.10645 -0.0172669 0.0166549 -0.0547899 -0.0200231 0.0946129 -0.0364535 0.0745619 -0.122954
-0.136538 0.0968735 0.0204166 0.152325 -0.0626017 -0.0841148 0.0450583 -0.0713916 0.111563 -0.0787017
-0.205611 0.0559226 -0.0756714 0.0917922 -0.0312933 -0.00150055 0.0707473 0.0322326 0.120365 -0.132692
-0.214563 0.0677578 -0.119293 0.00023652 -0.000793726 0.0987302 0.0643846 0.100168 0.13502 -0.110316
-0.0719928 0.110464 0.0518783 0.166224 -0.0658811 -0.11621 -0.00586139 -0.11882 0.11265 -0.0165002
-0.0447798 0.0929879 0.00175248 0.049098 -0.0701116 -0.0817125 0.0907078 -0.025394 0.0640689 -0.0707198
0.0937628 0.0177102 -0.014711 -0.0724724 -0.00765988 -0.00293656 -0.0211234 0.0178932 -0.0763603 0.0159889
-0.158373 0.0918782 -0.000316993 0.046443 -0.00579947 0.0145865 0.0973409 -0.000537454 0.0921049 -0.112306
-0.102042 0.0338016 0.0100036 -0.0249832 -0.0213199 -0.0020304 0.0864321 0.0112056 0.0283057 -0.0641527
-0.162799 0.0610152 -0.0430523 0.0752709 -0.0180487 0.0175482 -0.00938411 -0.0116179 0.078276 -0.0954024
-0.0850428 0.0515398 -0.0169911 0.0582488 -0.0172758 0.00635281 0.00653546 -0.0294187 0.0672186 -0.0435248
-0.0619648 0.181884 0.152589 0.146389 -0.0311981 -0.0677229 0.00067749 -0.0911165 0.0811584 -0.0916482
-0.0419 0.189494 0.346448 0.1012 -0.125616 -0.206925 0.0467467 -0.25795 0.00485014 -0.0802366
-0.126115 0.289676 0.47007 0.186856 -0.0518191 -0.121002 0.0319899 -0.231092 0.0842366 -0.139689
0.0167622 0.0669557 0.0692768 0.0911764 -0.0726094 -0.0942572 -0.0542413 -0.0953974 0.0106631 0.006847
-0.0779888 0.200905 0.201817 0.230343 -0.0609037 -0.168267 -0.0227516 -0.214136 0.121095 -0.151859
-0.201924 0.0192433 -0.0869419 -0.0464575 -0.0132831 0.0530114 -0.00781177 0.101303 0.0241853 -0.0770191
-0.161316 0.319141 0.215186 0.22714 -0.140848 -0.237663 0.0900792 -0.282112 0.123994 -0.163918
-0.132327 0.296125 0.423003 0.139044 -0.0939498 -0.128151 0.0489717 -0.205583 0.0865899 -0.117798
0.0904243 0.145051 0.0783725 0.223361 -0.0481951 -0.185347 0.0043336 -0.213737 0.0291435 -0.0786962
-0.0838992 0.182136 0.190305 0.162142 -0.101895 -0.140721 -0.0604971 -0.147402 0.0858698 -0.142307
-0.174993 0.297207 0.100178 0.28749 -0.0931951 -0.155558 0.0879429 -0.164042 0.164657 -0.240635
0.242582 0.112333 0.364175 -0.00801226 -0.0724403 -0.238418 -0.0233067 -0.271966 -0.0867065 -0.019203
0.00976273 0.26862 0.429956 0.204173 -0.104965 -0.201153 0.00118872 -0.212951 0.010637 -0.188174
0.00788387 0.0695254 0.0649537 0.0915051 -0.086838 -0.117339 -0.0609516 -0.0978551 0.0121449 0.00982012
-0.0588587 0.187687 0.267744 0.15898 -0.111078 -0.158311 0.0505902 -0.212605 0.137935 -0.0609319
-0.0640482 0.0275241 0.0193006 0.0277482 -0.00221667 -0.0122316 -0.0256833 -0.0560648 0.0129305 0.0246251
0.0202574 0.0655113 0.0526989 0.10947 -0.056534 -0.163682 0.0347024 -0.159645 0.0348453 -0.0317184
-0.0342877 0.0865773 0.0701613 0.0789142 -0.0363765 -0.117211 -0.0390877 -0.143118 0.0161317 -0.0307491
-0.132362 0.0656191 0.0781986 0.0220877 -0.0351058 -0.0360323 0.050378 -0.107774 0.0222343 -0.126849
0.0589714 0.0307526 0.0585179 0.0321492 0.0216258 -0.0875262 -0.0476225 -0.180827 -0.0301368 -0.0668951
-0.0516304 0.10894 0.0619258 0.0987128 -0.0854556 -0.133987 0.0423363 -0.167797 0.0304363 -0.0411949
0.0367298 0.0724322 0.0411211 0.0596286 -0.0723148 -0.0767592 -0.0556382 -0.15506 0.0684504 0.0455514
0.0114439 0.166993 0.0686689 0.112428 -0.0944335 -0.173512 0.0239025 -0.136654 0.0795369 -0.0161173
0.041152 0.102445 0.0455883 0.069428 -0.0617098 -0.100598 -0.0471263 -0.0465565 -0.0369794 -0.00307548
-0.0457139 -0.0415056 -0.0219223 -0.020381 0.033422 0.000420891 -0.0428705 -0.0555973 0.0184396 0.00100187
-0.155931 0.0636921 0.0254738 -0.0211514 0.0221596 0.0824938 0.0525471 0.0312275 0.0443198 -0.0842414
-0.101393 0.170102 0.0858524 0.126476 -0.0515756 -0.0887041 0.107049 -0.0988329 0.12661 -0.0769279
-0.135576 -0.00906107 -0.124805 -0.0528739 0.0317997 0.0923087 0.0087819 0.0324814 0.0191218 -0.057814
-0.0710574 0.086561 -0.0387913 0.0188377 -0.0321009 -0.042842 0.103011 0.0513148 0.060416 -0.0811187
-0.212035 0.168343 0.117694 0.0506731 -0.0524807 0.00646773 0.0613384 -0.0691289 0.102615 -0.166478
-0.0406657 -0.00570151 -0.0359542 -0.0186273 0.00810834 -0.0238281 0.0444187 -0.0234232 -0.00277248 -0.0113044
-0.0837581 0.105386 0.0295669 0.109725 -0.0307809 -0.0588053 0.0708171 -0.0572814 0.0797041 -0.0699761
-0.147565 0.023055 -0.0551966 0.0150261 -0.0415431 -0.0416223 0.117987 0.0455289 0.0208794 -0.0725803
-0.18487 0.0520971 -0.100649 0.0645595 -0.0031086 0.0358775 0.0621399 0.0146693 0.0986483 -0.142454
-0.213253 0.0977008 -0.10781 0.0660559 -0.00334911 0.0591383 -0.00526681 0.0404434 0.133412 -0.127816
-0.12619 0.0722177 -0.0667837 0.0348188 0.0267503 0.0554798 0.0240397 -0.00617707 0.0853183 -0.0863879
-0.0439887 0.00247632 -0.0333146 -0.0063409 0.0219938 -0.00799357 -0.0307133 -0.0374038 0.0285919 0.0252423
-0.14242 0.012923 -0.0833829 -0.0235019 0.0331854 0.0413794 0.0487678 0.0279107 0.0373376 -0.0218647
-0.0808458 0.0271947 -0.0170777 0.0531784 0.00174735 -0.0228672 0.0198434 -0.0774489 0.0594752 -0.0248044
-0.0957004 0.0643159 -0.0178805 0.082307 -0.0183847 -0.0544117 0.0793384 -0.0525979 0.0878796 -0.0481599
-0.105922 0.145437 0.160135 0.166271 -0.0466792 -0.0876345 0.0319155 -0.152348 0.0993938 -0.0706013
-0.110234 0.148332 0.0160557 0.136669 -0.0224237 -0.0429578 0.0301179 -0.108793 0.129745 -0.0365167
0.095408 -0.110589 -0.027408 -0.0702315 0.125714 -0.0722057 -0.0783353 -0.0969022 -0.0854626 0.118148
0.265982 -0.0105063 0.0496118 -0.0922355 -0.0457869 -0.0743793 -0.088036 -0.147226 -0.12478 0.00140144
0.169426 -0.0252631 0.0707733 -0.0833266 0.000400222 -0.0205419 -0.0714977 -0.0716917 -0.116819 0.132808
0.266309 -0.100593 0.00207517 -0.0758949 -0.0238229 -0.0211131 -0.140145 -0.0596958 -0.0839199 0.187115
0.170307 0.000574939 0.00675195 -0.0682094 -0.058938 -0.0141958 -0.0862623 -0.0599361 -0.0450829 0.0192583
0.168195 0.0050914 0.109441 -0.100024 -0.0105158 -0.0140159 -0.0834546 -0.0665769 -0.0987388 0.0281519
0.158668 2.49677e-05 0.000137714 -0.0868511 0.0144646 -0.0154902 -0.0852157 -0.057947 -0.08432 0.0655138
-0.108072 0.00943474 0.0375563 -0.0462293 0.0333495 0.0173347 -0.00882582 -0.0149222 -0.0252793 -0.0469931
0.30745 -0.0996826 -0.0433202 -0.137375 0.034076 -0.000292275 -0.0829285 0.0638918 -0.137511 0.209397
0.11276 -0.0373768 0.132183 -0.0773956 0.0260354 -0.0565166 -0.124635 -0.10198 -0.13369 -0.0129408
-0.0781263 0.0422314 0.0218931 0.0542895 -0.03033 -0.0703904 -0.0807618 -0.0300026 -0.00979908 0.000981955
0.0213688 0.0965684 0.238443 0.0658807 -0.0721212 -0.1512 -0.0100019 -0.204593 -0.0196811 -0.0476707
0.0606966 0.104987 0.0831477 0.110456 -0.0725627 -0.171463 -0.0213839 -0.188423 0.0648445 0.0326368
-0.10448 0.0261495 0.0245575 0.070552 -0.00173609 -0.056805 -0.0431172 -0.0806119 0.0114119 0.0268482
-0.0070234 0.101254 0.114169 0.0964829 -0.0907343 -0.144503 -0.0112473 -0.17522 0.0718983 0.0026921
0.0716778 -0.00966813 0.0119195 -0.0214616 0.0153983 -0.041823 -0.0162615 -0.0650113 -0.0435017 0.104016
0.0379681 0.130714 0.133452 0.132299 -0.0878912 -0.146989 0.000656003 -0.201802 0.0942105 0.0109393
0.0537001 -0.0246751 0.0185909 -0.0229047 0.00814492 -0.0538018 -0.0415141 -0.0680645 -0.0367719 0.0479245
-0.0047531 -0.0927567 -0.00342308 -0.158768 0.0811913 0.033885 -0.0509253 -0.0249946 -0.0724983 0.112527
-0.104832 0.0752615 0.0427006 0.0910567 -0.0700713 -0.105705 0.00300519 -0.111326 0.0545082 -0.0606945
0.206318 -0.0632852 0.0879092 -0.079433 -0.011821 -0.100151 -0.0270224 -0.115075 -0.124193 0.0794395
0.0179143 -0.016212 0.0653369 0.0261343 0.00927792 -0.0609928 -0.0737117 -0.0805445 -0.0276402 0.0907773
0.0387307 0.0747932 0.130192 0.132279 -0.0802366 -0.141535 -0.0424468 -0.189224 0.00881755 0.0594949
0.100342 0.103818 0.154082 0.0939895 -0.0814142 -0.182976 -0.0525817 -0.185468 0.0552035 0.0940567
-0.0461783 0.108587 0.170706 0.146321 -0.0407159 -0.109575 0.0103346 -0.174357 0.0681946 -0.0155064
0.0665749 0.119702 0.116482 0.14148 -0.0533196 -0.138278 -0.00835857 -0.157027 0.0283902 0.0535754
0.010898 0.00103152 0.0464822 0.0250484 -0.00378616 -0.0392251 -0.070345 -0.0753781 -0.0178342 0.0513593
0.0443482 0.0146543 0.0859554 0.0628538 -0.0237641 -0.123134 -0.0804786 -0.163307 0.00506737 0.0680604
-0.0394733 0.201804 0.107118 0.211662 -0.116909 -0.195046 0.0516321 -0.227291 0.1241 -0.102619
0.0051346 0.119092 0.123616 0.12434 -0.0607378 -0.130639 -0.0221994 -0.13098 0.0509539 0.0376485
0.409039 -0.0622176 0.110133 -0.0747159 -0.0341956 -0.130588 -0.0838359 -0.150055 -0.13132 0.129748
0.0076243 0.191123 0.369405 0.136276 -0.114632 -0.191961 -0.0453849 -0.26999 0.00434282 -0.0364962
-0.064831 0.0105647 0.0181925 0.0247525 -0.0100971 -0.0497195 0.0121094 -0.0772223 0.0196032 -0.0143785
-0.131045 0.206071 0.328469 0.212349 -0.117903 -0.225186 0.0626907 -0.237545 0.100523 -0.132166
0.054765 -0.0158965 -0.0317488 -0.0838869 -0.02169 0.0366004 -0.0720281 -0.0148892 -0.0418195 -0.00929432
0.104446 -0.07817 -0.0621294 -0.0809358 -0.00221524 -0.0118266 -0.0884164 -0.0308323 -0.0462509 0.0972442
0.172338 -0.0409237 -0.0428115 -0.108851 -0.0225089 -0.0423241 -0.118903 -0.071655 -0.0846077 0.0501013
-0.0158638 0.0290822 0.160052 0.0341935 -0.0623055 -0.0959763 0.0171872 -0.154326 -0.0329393 -0.0659166
-0.0856143 0.0834962 0.232508 -0.0155957 -0.0754521 -0.134471 -0.00431553 -0.151487 -0.0544414 -0.0733643
-0.0899267 0.136825 0.33725 0.0605068 -0.080226 -0.174963 0.0187392 -0.210309 -0.00569451 -0.0987439
0.00991553 0.0460837 0.22819 0.0069864 -0.0246069 -0.110938 -0.0459624 -0.183302 -0.0660038 -0.0265085
-0.08541 0.00457288 0.0525955 -0.0380358 -0.00685341 -0.0277568 0.0270793 -0.0624725 -0.00242894 0.012702
0.0467724 0.0888811 0.287836 0.0604442 -0.0718334 -0.211248 -0.0123741 -0.252053 -0.0424664 -0.0437748
-0.121155 0.131285 0.276237 0.0646676 -0.0674111 -0.16245 0.0292793 -0.199127 -0.011418 -0.0615634
-0.00826587 0.0669853 0.257079 0.0665482 -0.0289971 -0.165214 0.0165694 -0.192138 0.0106378 0.0301695
0.0199259 0.0651364 0.137982 0.0918867 -0.035165 -0.137234 0.0237739 -0.125611 0.0380473 0.00747472
-0.0134897 0.0754945 0.275931 0.0458147 -0.0568189 -0.149948 0.04935 -0.188021 -0.00867558 -0.0162169
0.0703026 0.0811457 0.269926 0.0410778 -0.110839 -0.225662 -0.015624 -0.297127 -0.0407087 -0.00354351
-0.108376 0.106674 0.114806 0.145083 -0.0410095 -0.117861 0.0562794 -0.144268 0.0696651 -0.0593567
-0.051617 0.00412645 0.107874 -0.0480198 0.00866539 0.00270761 -0.0165722 -0.0330642 -0.0436411 0.0492914
0.213696 -0.0556438 -0.0261916 -0.123138 -0.0166277 0.0280934 -0.157137 0.00768292 -0.136095 0.0599262
-0.0960574 0.112735 0.151343 0.11333 -0.0650943 -0.0706302 0.00285804 -0.0936003 0.0461101 -0.121721
0.00716511 -0.0539059 0.0317198 -0.021009 -0.0164283 -0.0695497 -0.0612143 -0.0520915 -0.0489988 0.0986962
-0.0550359 0.0721395 0.0629028 0.131264 -0.0521152 -0.098311 0.0117515 -0.0916157 0.0652075 0.00775877
0.0704534 0.0169784 0.0540383 0.081511 -0.0392563 -0.136061 -0.0202163 -0.138039 0.0107734 0.0698318
0.040987 0.0353106 0.229146 0.0335054 -0.0390108 -0.111098 -0.0238039 -0.173137 -0.0373778 0.00317691
-0.137036 0.154304 0.301566 0.105853 -0.0270871 -0.0670306 0.0145851 -0.14293 0.0675481 -0.0750882
-0.037353 0.14897 0.352003 0.120396 -0.112317 -0.179352 -0.0183185 -0.202541 0.00504161 -0.132448
-0.151959 0.0605009 0.151618 0.0590917 0.0138608 -0.0159784 0.00351838 -0.0682926 0.0195074 -0.0807878
-0.115521 0.234999 0.21472 0.280586 -0.180893 -0.258179 0.0509152 -0.25985 0.132684 -0.164216
-0.0993101 0.251904 0.258087 0.242149 -0.102737 -0.147569 -0.0379931 -0.180934 0.0843181 -0.0763389
-0.0827622 0.0837262 0.0232728 0.153339 -0.0401812 -0.0887533 0.0326067 -0.109666 0.123884 -0.0509666
-0.0861335 0.127534 0.043334 0.163026 -0.0816215 -0.141666 0.00800106 -0.121011 0.107806 -0.0592289
-0.117265 0.0503384 -0.00699915 0.157061 0.00647178 -0.0488087 0.0215005 -0.0718795 0.0843034 -0.0899051
-0.139186 0.0732434 -0.0531712 0.132292 -0.0450935 -0.0386607 0.0976765 0.00188782 0.0880602 -0.138746
-0.207681 0.130527 0.116669 0.111039 -0.0605918 -0.07336 -0.011883 -0.0594521 0.0906614 -0.191496
-0.131007 0.127562 0.31048 0.0464302 -0.0369091 -0.0599098 -0.0591012 -0.200036 0.037579 -0.0670518
-0.0720722 0.0912865 0.310983 0.00925297 0.0247253 -0.0398356 -0.0133668 -0.177083 0.0215523 0.0062617
-0.0981661 0.117412 0.0834509 0.182768 -0.0674552 -0.1254 -0.0195713 -0.133366 0.105669 -0.0554291
-0.0995093 0.0313844 0.0309434 0.0264164 -0.00187502 -0.0126017 -0.0274469 -0.0309534 -0.0244814 -0.09602
-0.0985028 0.0853558 0.0813398 0.138047 -0.0556553 -0.103993 0.0261912 -0.163883 0.0580542 -0.10217
-0.00289956 -0.0203163 -0.0293162 -0.0025143 0.0510246 -0.0299565 -0.0690478 -0.0342519 -0.0177062 0.0395134
-0.11386 0.166797 0.115082 0.210039 -0.0346895 -0.075743 0.0339154 -0.146994 0.129246 -0.0623698
-0.00672365 -0.0275217 -0.0370658 0.0125242 0.000662653 -0.0349803 -0.0372682 -0.0444085 0.0080453 0.0229262
-0.138552 0.00436455 -0.0247894 0.0861805 0.013002 -0.0146161 -0.0485623 -0.0597416 0.0865394 -0.0423237
-0.0836388 0.0370075 0.0240355 0.132004 -0.0161155 -0.0865642 -0.0716639 -0.133454 0.0723119 -0.00100405
-0.0804961 0.110363 0.0398493 0.184157 -0.0437906 -0.0846991 0.0213363 -0.14525 0.107218 -0.0909373
-0.149029 0.134814 0.0853817 0.12332 -0.0953329 -0.100686 -0.0490749 -0.0890534 0.0566086 -0.075373
0.0915214 -0.0626194 0.0557895 -0.0384483 0.0060502 -0.0762598 -0.0581029 -0.120885 -0.110839 0.0271688
-0.0764162 0.0573962 -0.0303204 0.0839705 -0.0197833 -0.0167888 0.0331502 -0.0531715 0.0697286 -0.0419113
-0.0322446 0.12515 0.028744 0.198542 -0.0519995 -0.0993078 0.0219792 -0.122098 0.123752 -0.00273289
-0.203017 0.0589101 -0.102207 0.10242 0.00840813 0.0320586 0.00111587 0.0240337 0.118544 -0.0977777
-0.0795799 0.0857659 -0.0166124 0.145058 -0.065006 -0.0835794 0.0342583 -0.0808922 0.0900813 -0.0752729
-0.0220633 0.0376662 0.00662787 0.0694762 -0.00524742 -0.0497081 0.00500578 -0.0822926 0.0481647 0.00467493
-0.205445 0.172065 0.129038 0.146736 -0.0476635 -0.0782292 0.0211648 -0.0978451 0.0816026 -0.176788
-0.0371517 0.059239 0.0580415 0.0765591 -0.0285837 -0.0499043 -0.0196117 -0.0924869 0.0094497 -0.000220785
-0.265965 0.188202 0.072699 0.173726 -0.0331859 0.00793164 0.0691775 -0.0509384 0.149364 -0.194012
-0.121118 0.117885 0.0866212 0.165383 -0.0588649 -0.104027 0.016206 -0.124528 0.0788929 -0.0795865
-0.144356 0.0529643 -0.0382609 0.0850833 -0.00117731 -0.0255006 0.0696476 -0.00846758 0.104288 -0.109212
-0.0145784 0.132231 0.116607 0.123141 -0.0369631 -0.119075 -0.0429366 -0.190136 0.0478062 -0.0521707
-0.150905 0.0381762 -0.0503973 0.130728 0.00908644 -0.0215422 0.0435908 -0.0233646 0.111556 -0.121891
-0.0321861 0.107265 0.0173448 0.0789003 -0.0772877 -0.0833519 0.112097 -0.0514761 0.0772252 -0.107445
-0.0087736 0.0175963 -0.000913136 0.0637762 -0.00382072 -0.0671558 0.0280951 -0.0721594 0.0602599 -0.00502571
-0.23169 0.0764403 -0.099619 0.0984992 -0.0296089 0.018277 0.11444 0.0419297 0.095021 -0.171197
-0.113072 0.0591913 0.00639365 0.0863509 0.00242633 -0.0503201 0.0946791 -0.0893064 0.0790496 -0.0811092
-0.07401 0.0484528 -0.0237218 0.106335 -0.0249991 -0.0420182 0.0020489 -0.0409149 0.054326 -0.0573234
-0.227782 -0.0185295 -0.188311 -0.0426621 0.00125468 0.0796446 0.117833 0.253499 0.0497433 -0.13352
-0.141168 0.127735 -0.0433038 0.197155 -0.0147964 -0.0108811 0.0851007 -0.0519872 0.126985 -0.0991848
-0.0597316 0.0788179 0.0465352 0.146935 -0.0303141 -0.0987066 -0.00691583 -0.149227 0.0986414 -0.0387486
-0.200244 0.0239241 -0.109122 0.0440434 0.0161697 0.0380371 0.0762286 0.0626127 0.0811862 -0.102562
-0.110061 0.167821 0.0914167 0.220038 -0.0751604 -0.120981 0.0418425 -0.170344 0.150849 -0.139395
-0.201922 0.127795 -0.00778351 0.158234 -0.0466453 -0.0544672 0.0944803 -0.00457627 0.14412 -0.122508
-0.133433 0.124425 0.0168492 0.17138 -0.0266843 -0.0586517 0.065809 -0.0714895 0.0798128 -0.118527
-0.0546952 0.114114 0.0879147 0.221928 -0.0445704 -0.121752 -0.0551397 -0.116641 0.0968916 -0.0433435
-0.143422 0.162818 0.0450714 0.226341 -0.0716908 -0.0903267 0.0684177 -0.114132 0.132962 -0.129999
-0.0959375 0.134301 0.0301692 0.142016 -0.0587812 -0.093868 0.0473437 -0.108115 0.130339 -0.0365256
-0.0692465 0.134199 0.0685608 0.143849 -0.065247 -0.097825 0.0697907 -0.0923165 0.0669278 -0.082192
-0.1191 0.133494 0.0542455 0.131863 -0.0696102 -0.0885181 0.0348871 -0.0758007 0.0920453 -0.0775594
-0.196416 0.125197 -0.0279195 0.17062 -0.0466025 -0.0358968 0.0774547 0.0250244 0.146963 -0.149063
-0.155985 0.132687 0.0576427 0.16057 -0.0576296 -0.0552748 0.113319 -0.0502262 0.113667 -0.132743
-0.112896 0.105237 0.0334643 0.18413 -0.0563408 -0.0807926 0.0123047 -0.0917542 0.0985407 -0.0867013
-0.114205 0.0935043 0.144305 0.143499 -0.0271196 -0.116085 0.0498253 -0.135471 0.0883303 -0.0530582
-0.149486 0.0599936 -0.00189473 0.146638 -0.0350795 -0.0767146 0.00285458 -0.125803 0.0883252 -0.0912246
-0.14954 0.168277 0.155451 0.132578 -0.04639 -0.128153 -0.0102121 -0.137557 0.0800052 -0.0649827
-0.054206 -0.086571 -0.0248318 -0.142186 0.0808037 0.095124 -0.111343 0.0281586 -0.0488764 0.104739
-0.0948343 0.12164 0.0851635 0.164013 -0.0765538 -0.129756 0.0513198 -0.112853 0.103566 -0.0711433
-0.151717 0.173403 0.0144236 0.20777 -0.0310652 -0.0177288 0.0680045 -0.0459223 0.143543 -0.136501
-0.0766554 0.0696468 0.0270523 0.155481 -0.052409 -0.112332 0.0348613 -0.142214 0.0887083 -0.07728
-0.0909132 0.0546319 -0.0382112 0.120404 -0.0285035 -0.0487301 0.0685759 -0.0373795 0.0791465 -0.0507306
-0.0817688 0.103979 0.0999728 0.112116 -0.0619083 -0.0574127 0.0826532 -0.105917 0.0617183 -0.0836613
-0.102727 0.116248 0.0392015 0.185363 -0.0388095 -0.0665429 0.0450716 -0.0980047 0.108598 -0.103297
-0.0268334 -0.0485317 -0.039902 -0.101257 0.0724633 0.0339798 -0.0176726 -0.00479398 -0.0442355 0.0956661
0.0675426 -0.106407 -0.00869594 -0.0829812 0.0412526 -0.0490326 -0.0193173 -0.0836782 -0.0707971 0.0733827
-0.0215195 -0.027716 -0.00850294 -0.0239131 0.0718955 0.014 0.0431908 -0.0535773 -0.00750591 0.0687921
0.140991 -0.0809772 0.044929 -0.17873 -0.0233974 -0.0525734 -0.072377 -0.127338 -0.107631 0.115979
-0.145068 -0.0221159 -0.0310671 -0.135977 0.0621763 0.05778 0.0499627 0.0882921 -0.0409655 0.0349288
-0.0565441 -0.0485429 -0.0228128 -0.0440237 0.0342831 -0.0290779 -0.0248183 -0.044085 -0.0357261 0.0603155
-0.227909 0.00853487 -0.114666 -0.0414045 0.0713327 0.143413 0.0315648 0.132206 0.043849 -0.0969795
-0.138908 0.0157747 -0.0678692 -0.026518 0.0469707 0.0425928 0.0942479 0.00384445 0.0308767 -0.0409606
0.0376844 -0.0661019 -0.0396326 -0.0393486 0.0390057 -0.0325087 -0.01133 -0.0815423 -0.0297088 0.0130058
0.0472967 -0.0756842 0.0178911 -0.101217 0.052186 -0.054216 -0.00597314 -0.0973158 -0.0867856 0.0685846
-0.100449 0.0536051 0.19214 0.0614956 -0.0240464 -0.11602 -0.0531374 -0.191476 -0.0224604 -0.0197259
-0.060142 -0.00301621 0.0751185 -0.0270958 0.0282331 -0.038815 0.032419 -0.0897647 -0.0108337 0.0144652
0.0505568 0.0152311 0.218389 -0.0233089 0.00951559 -0.0600895 -0.0143125 -0.149738 -0.052681 0.0302987
-0.0169203 -0.0643315 -0.0187883 -0.0480665 0.0368575 -0.0205729 -0.000207413 -0.0671477 -0.0236319 0.0476495
-0.0784356 -0.0337362 0.031613 -0.0478118 0.0444671 -0.0437242 0.0389789 -0.031416 -0.0137136 0.00749875
-0.0575242 -0.0491728 -0.00528 -0.010785 0.0342608 -0.00606078 -0.0898095 -0.0639091 -0.0224077 0.00917953
0.184072 -0.00262264 0.0146422 -0.0580782 -0.020195 -0.069829 -0.000522582 -0.0925567 -0.0136933 0.0859049
0.125776 -0.112715 -0.0246702 -0.0151023 0.0537025 -0.0523721 -0.116003 -0.126029 -0.0602035 0.114789
-0.071022 0.020419 -0.0550985 0.0235731 0.0153869 0.00344609 0.064376 -0.0314724 0.0436992 -0.0564191
-0.296524 0.00418702 -0.167054 -0.0569002 0.0215463 0.134519 0.0823367 0.217092 0.0713624 -0.126623
-0.0725191 -0.066009 -0.0904013 -0.114416 0.0729887 0.093503 -0.0528667 0.0919386 -0.0197374 -0.0197945
-0.175522 -0.0555702 -0.145477 -0.0425246 0.100159 0.116771 -0.0333553 0.0849182 0.0153519 -0.0562704
-0.114715 -0.00749461 -0.0398359 0.0217391 0.0456091 0.0382508 -0.0101072 -0.00716844 0.0510065 0.00130813
-0.0644101 -0.0561042 -0.0354214 -0.0502081 0.0325018 0.000734636 0.0374086 -0.035405 -0.0299205 0.0121863
-0.012708 -0.0868442 -0.0245594 -0.133038 0.0592497 0.0226036 -0.0512773 0.00992524 -0.0669972 0.0666398
-0.0284555 -0.0894158 0.00534155 -0.0714048 0.0410758 0.0120912 -0.0578003 -0.059423 -0.0309763 -0.0128334
0.0117977 -0.0648746 -0.0390332 -0.0168985 0.0358013 -0.04864 -0.0466633 -0.109301 -0.00369807 0.0363254
-0.240745 -0.0523742 -0.123093 -0.0618553 0.10725 0.224922 -0.023294 0.144393 0.00918725 -0.0612871
-0.178601 0.0132394 -0.105871 0.0452451 0.05171 0.056024 0.0274156 -0.013473 0.077958 -0.0622828
-0.000733077 -0.0372892 0.0372027 0.0333892 0.0196565 -0.0798364 -0.0294955 -0.158866 -0.0160721 0.0746711
-0.0772867 -0.0566208 -0.15531 -0.0644801 0.0412479 0.0666659 0.0011847 0.00275623 0.00335817 -0.0432603
-0.141017 -0.0298323 -0.0819975 -0.0495552 0.050349 0.0764566 0.000802134 0.0179978 0.0240359 -0.0170238
0.00107824 -0.0662598 -0.0312225 -0.0507733 0.0787063 0.0175618 -0.0193743 -0.0414266 -0.0296418 0.087719
-0.114626 -0.0547557 -0.136379 -0.0774221 0.0428715 0.0995648 0.0531254 0.0386312 -0.0418672 -0.0493508
-0.180541 0.0549901 -0.165511 0.00570962 0.0688589 0.115536 0.0106729 0.181282 0.0925647 -0.128044
-0.218075 -0.0739007 -0.170804 -0.108325 0.0714607 0.163911 -0.0346269 0.238584 -0.0500186 -0.0041884
-0.262172 -0.0722972 -0.189914 -0.123865 0.0972265 0.261093 0.00390191 0.287376 -0.0385262 -0.0981746
0.156428 -0.0757789 0.0393073 0.0188733 0.185402 -0.00892024 -0.198765 -0.0335066 -0.0272119 0.100774
-0.0959967 -0.0317386 -0.103773 0.0381375 0.0730716 0.103999 -0.0506951 0.123619 0.0578925 0.00885286
-0.153249 -0.0178661 -0.0797911 0.00186104 0.0177998 0.0556815 -0.0578692 -0.00478175 0.0320041 -0.0857432
0.00806465 -0.0574455 0.0305198 -0.0113754 0.0547405 -0.021695 -0.051705 -0.0747273 -0.0473592 0.0124142
0.084214 -0.0764094 -0.0799036 -0.0442544 0.080047 -0.0137361 -0.000369452 -0.0484452 -0.0338603 0.130505
0.127298 -0.0303566 0.0510757 -0.0806766 0.0363141 0.000787731 0.00376442 -0.0505508 -0.114016 0.0504338
-0.0384062 -0.0810338 -0.207422 -0.163474 0.0293565 0.211908 -0.0676467 0.196411 -0.052833 0.000822143
-0.107342 -0.0742138 -0.0786048 -0.0931604 0.0896784 0.0853938 -0.0362515 0.0361343 -0.0205056 0.0382664
-0.025473 0.147909 0.125222 0.201208 -0.0497197 -0.153547 -0.0352093 -0.161373 0.084636 -0.0194516
-0.140348 -0.0670104 -0.0736099 -0.0959304 0.0927514 0.136442 -0.0808842 0.0898041 -0.00576332 -0.0267485
-0.115404 -0.0582197 -0.0659546 -0.0229725 0.100563 0.0927398 -0.0664612 0.0423198 0.0460151 -0.00889927
0.0729535 -0.0125645 0.0281926 -0.0272394 0.0268804 0.000607387 0.0205073 -0.0510841 -0.0153543 0.00715101
-0.106544 -0.104419 -0.148955 -0.105178 0.0764112 0.182934 -0.0600834 0.0602644 -0.0308529 0.0217932
-0.267274 0.0455321 -0.177503 -0.0138053 0.0537476 0.208629 0.0221959 0.166891 0.0725853 -0.172239
-0.01074 0.109652 0.0815231 0.173636 -0.0566401 -0.123458 -0.0365837 -0.171878 0.0716749 0.00300077
-0.156879 -0.0554686 -0.129692 -0.148587 0.0143674 0.106285 0.0201621 0.172696 0.0010326 -0.0744019
-0.270223 -0.0398201 -0.0203454 -0.0337295 0.0162028 0.133677 -0.0314363 0.0425837 0.00890794 -0.143572
-0.0613056 -0.0977908 -0.106378 -0.0883636 0.0398147 0.136006 -0.0757938 0.164839 -0.0268982 -0.0586625
0.0157985 -0.0473952 -0.00167032 -0.0259038 0.0380906 -0.010716 -0.0389135 -0.0982593 -0.0394587 0.0640919
-0.0829402 -0.0141882 -0.0612514 0.0319099 0.0401203 0.015943 -0.0157459 -0.076529 0.0487391 0.0132757
-0.0876218 0.00149095 -0.00996269 -0.0223043 0.0413196 0.00535415 0.0360088 -0.0787788 0.0130184 -0.0155244
-0.172356 -0.0123152 -0.0709258 -0.0390379 0.0450995 0.215359 0.0611798 0.501639 0.0232548 -0.265914
-0.204878 -0.0499911 -0.174104 -0.0704603 0.0722906 0.21703 -0.0412952 0.159429 0.0725401 -0.0720852
-0.200625 -0.0685428 -0.150932 -0.0810435 0.0676306 0.0670899 0.0188783 0.0887475 0.0376739 -0.0519122
-0.374082 -0.0351291 -0.211803 -0.00847376 0.125902 0.315585 0.00447644 0.281173 0.0968368 -0.19762
-0.0618484 -0.0360882 -0.0468755 -0.0359413 0.0714677 0.024522 0.0425875 -0.0342562 0.0145152 0.0611237
-0.308023 0.0194067 -0.170412 -0.0628397 0.0200817 0.12226 0.132276 0.351191 0.109341 -0.11664
-0.0824041 -0.0587231 -0.091058 -0.0338967 0.0204054 0.0402425 0.0120009 0.108222 -0.00754906 -0.0429833
0.00574595 -0.118721 -0.113435 -0.106712 0.121813 0.104921 -0.0018889 0.0698479 -0.0295324 0.064036
-0.0728095 0.0926042 0.0481658 0.0103602 0.0177718 -0.00990758 0.0749893 -0.0920516 0.0243165 -0.0152358
-0.000282787 -0.0720144 0.0201216 -0.0250299 0.0391638 0.0151191 -0.0442218 -0.0776169 -0.016384 0.05261
-0.395745 -0.00453091 -0.290223 -0.0901578 0.0262184 0.355031 0.0769092 0.443315 0.012169 -0.231523
0.0422165 -0.0418632 0.0136908 -0.0134336 0.0390992 -0.0432155 -0.0387734 -0.117787 -0.0382935 0.112525
-0.205407 -0.107359 -0.121842 -0.0693167 0.0863494 0.13249 -0.0356619 0.0508458 -0.0127724 -0.0449965
-0.120576 -0.0804418 -0.0829017 -0.0394232 0.0677366 0.101887 -0.046174 -0.0241195 -0.0283579 0.00323931
-0.483545 -0.0961761 -0.355365 -0.180827 0.11111 0.435657 0.0783504 0.615135 0.0119198 -0.273938
-0.221919 -0.0241507 -0.183715 -0.130608 0.0398139 0.123802 0.14647 0.229224 0.0106304 -0.0719828
0.0987868 -0.0181141 0.0833822 -0.0626853 0.0378314 -0.0155998 -0.00145368 -0.0974123 -0.0331809 0.0392206
0.00891293 -0.0454407 -0.00633367 -0.0769631 0.0709396 0.07986 -0.0775819 -0.0682066 -0.0635309 0.0639607
-0.156439 0.0188897 -0.0457469 0.0440786 0.0117815 0.00537596 0.0127972 -0.0521643 0.0703343 -0.0645497
-0.089259 -0.0761629 -0.120937 -0.0152629 0.0619894 0.118035 -0.0895262 0.0240661 0.0383809 0.0339497
-0.0772644 0.0928439 0.109297 0.0570728 -0.00268152 -0.0814029 0.0184429 -0.149508 0.0219533 -0.0241149
-0.0245626 0.0487619 -0.00493589 0.030165 -0.00302136 0.030317 -0.0400188 -0.000519968 0.0132705 -0.0198919
-0.161871 -0.0367556 -0.19037 -0.0828426 0.041715 0.110681 0.0152362 0.0688279 0.0236929 -0.0725347
-0.304582 -0.0769049 -0.260242 -0.140392 0.0675466 0.238232 0.0685357 0.353098 0.00082386 -0.189681
-0.188164 0.0178112 -0.081964 -0.0464549 0.00462764 0.0893564 0.0496999 0.185024 -0.0149576 -0.114315
-0.093451 -0.0172291 -0.0977425 -0.0670766 0.0832765 0.108614 -0.00377015 0.10673 0.0102101 0.0131096
-0.126465 0.0568329 0.0546613 -0.0228341 0.0144368 0.0388277 0.0703814 -0.00341235 0.0125007 -0.106045
-0.49325 -0.0956209 -0.35834 -0.178215 0.109965 0.436902 0.0775453 0.613625 0.0149537 -0.279374
0.00833319 -0.0345993 0.0106591 0.0250506 0.0192333 0.0165594 -0.0772062 -0.0103033 -0.00532757 0.0994303
0.0398772 0.0177603 0.0405919 0.0970374 -0.0166477 -0.147521 -0.00949157 -0.14458 0.0249227 -0.00563145
-0.056331 -0.101918 -0.0649539 -0.0403591 0.0634144 0.0547834 -0.0658524 -0.0209719 -0.0228501 0.0535506
-0.36556 0.0033805 -0.24695 -0.0462945 -0.0151364 0.211334 0.108398 0.370533 0.0712125 -0.261069
-0.401653 0.0304121 -0.26322 -0.097438 0.0505841 0.270561 0.138111 0.456512 0.113153 -0.268081
-0.071022 0.020419 -0.0550985 0.0235731 0.0153869 0.00344609 0.064376 -0.0314724 0.0436992 -0.0564191
-0.136129 -0.0200514 -0.13308 -0.103818 0.0441014 0.0776482 0.0215532 -0.00241321 0.00435927 -0.0131368
-0.180541 0.0549901 -0.165511 0.00570962 0.0688589 0.115536 0.0106729 0.181282 0.0925647 -0.128044
-0.252167 -0.0115489 -0.223498 -0.0835523 0.0504994 0.182596 0.0645244 0.293062 0.0360073 -0.148519
-0.0653771 -0.0729234 -0.0323185 -0.0199433 0.0535598 -0.00165976 -0.110763 -0.0624573 0.0133105 0.0358773
-0.0132499 -0.0901414 -0.00141828 -0.0462402 0.0740594 -0.00607212 -0.0912781 -0.0755252 -0.0489403 0.103193
-0.112717 -0.0427702 -0.0414356 -0.045688 0.0649723 0.0602953 -0.0524111 -0.0040726 0.00393677 -0.0176659
-0.45394 0.046483 -0.229132 -0.0649616 -0.00432211 0.231364 0.0490981 0.362051 0.0621654 -0.297814
-0.435806 -0.0390718 -0.293575 -0.0904934 0.0271894 0.345628 0.102031 0.44063 0.0558927 -0.326607
-0.476786 -0.0977753 -0.389389 -0.173244 0.079746 0.38853 0.0820182 0.548585 0.0475123 -0.280425
-0.291919 0.00827464 -0.194224 -0.0550636 0.0614809 0.276766 0.044194 0.229891 0.0711964 -0.140042
-0.236416 -0.0104231 -0.188408 -0.0799053 0.0743245 0.194759 0.0611663 0.20175 0.02647 -0.0890156
0.100354 -0.0164158 -0.0496857 -0.0176053 0.0479006 -0.0209725 -0.0228007 -0.0628392 0.0283787 0.16711
-0.255333 -0.0421817 -0.19597 -0.145327 0.0650185 0.248728 -0.0663775 0.197358 0.0125789 -0.172317
-0.105834 -0.0323499 -0.0777255 -0.0770346 0.0271055 0.0273912 -0.0428825 0.000174618 -0.0134603 -0.0330549
-0.0208433 -0.0888208 -0.0478256 -0.0547752 0.07342 0.0633148 -0.0799086 0.0241578 -0.0309797 0.0563079
-0.0125295 0.0103228 0.0418009 0.0412162 0.0145869 -0.0245716 -0.0473085 -0.103831 0.031724 0.0661695
-0.124567 -0.0500248 -0.0498126 -0.0314059 0.0534044 0.0821296 -0.0562393 0.0427463 0.00961956 -0.0283939
0.0184349 -0.0286417 -0.0149695 -0.0740214 0.0757092 0.0402403 -0.0723262 -0.0411111 -0.0352447 0.0479407
-0.113387 0.0498822 0.135887 -0.0148445 0.0205784 -0.00164518 -0.0447534 -0.0639488 0.0305599 -0.0739338
0.0196351 0.00819179 0.0388404 -0.0867131 0.0556233 0.0102329 -0.0451314 -0.148063 -0.0288507 0.0558613
-0.0434388 -0.0399263 -0.016823 -0.0069167 0.0704634 0.0892721 -0.0334219 -0.0192688 -0.00375679 -0.00287377
0.0500188 0.0129257 0.0295675 -0.00199617 -0.00389789 -0.0367164 -0.0198009 -0.122616 -0.0221868 -0.000597792
-0.0117813 -0.12243 -0.122585 -0.135289 0.0631091 0.110495 -0.100607 0.0434469 -0.0350587 0.0625501
0.264663 -0.0484967 0.0635493 -0.11532 0.085177 0.00818702 -0.0877523 -0.0914406 -0.108472 0.162751
0.0497827 -0.109691 -0.0494898 -0.156777 0.070293 0.0811034 -0.0677082 0.0555975 -0.108035 0.0537616
-0.473601 -0.137177 -0.255161 -0.154535 0.138515 0.371575 -0.0392793 0.303295 0.0137195 -0.1829
-0.154548 -0.034372 -0.0662166 -0.0815419 0.0625768 0.150503 -0.0186082 0.133127 0.0479235 -0.0473115
0.238185 -0.068306 0.00751318 -0.0895396 0.0437297 0.0494229 -0.131998 -0.0158958 -0.0829148 0.0998021
-0.163532 0.099515 -0.0489637 0.126347 -0.0268369 -0.0493389 0.0986021 0.0368587 0.137873 -0.0879255
-0.188896 0.0309704 -0.0843373 -0.0162017 -0.0286828 -0.00279494 0.148465 0.0370061 0.0746267 -0.0985448
-0.0933136 0.0651542 -0.00937701 0.110052 -0.0166826 -0.0591979 0.0803371 -0.0459916 0.0868345 -0.0624992
-0.143533 0.0332919 -0.0036753 0.0520965 -0.0123108 -0.0344558 0.0762759 -0.0323603 0.0629687 -0.0581133
-0.152374 0.0906251 -0.029731 0.0848213 -0.0247058 -0.0393925 0.112515 -0.0572589 0.0747887 -0.0848112
-0.27266 0.0228122 -0.101457 0.0107332 -0.0335371 0.0224848 0.156148 0.0402656 0.0991752 -0.182632
-0.235827 -0.0134159 -0.0915041 -0.023843 0.017019 0.0552672 0.104784 0.107059 0.0792086 -0.113211
-0.155349 0.0117173 -0.104452 -0.0862599 0.00938179 0.0631923 0.140996 0.0998026 0.0309332 -0.0548059
-0.0914963 0.00951074 -0.00890235 0.00178687 0.0144022 -0.01241 0.0554678 -0.0513794 -0.0134439 -0.0216653
-0.111588 0.0204004 -0.0436253 -0.0451977 -0.00549733 -0.0151863 0.175771 0.0177338 0.0324705 -0.0299675
-0.18572 -0.0242011 -0.0631298 -0.000502683 0.0243498 0.0491794 0.0329407 0.0243868 0.0555086 -0.0786893
-0.148834 0.0131389 -0.0413975 0.0172609 -0.0414481 -0.0267378 0.135939 -0.00644057 0.0319753 -0.13068
-0.0890611 -0.0316558 -0.087427 -0.0880992 0.0148554 0.00827789 0.0522505 0.0564301 -0.00646053 0.0061624
-0.209988 0.00198207 -0.140379 -0.0145797 0.0219659 0.0904004 0.0842632 0.162495 0.0361695 -0.146136
-0.131041 0.0668598 -0.0236733 0.0117591 -0.0033133 0.0274299 0.123454 0.0392305 0.0429873 -0.0667072
-0.108636 0.0244261 -0.0805814 -0.00490986 -0.00976123 -0.0159071 0.085603 -0.028189 0.0398984 -0.0675793
-0.166878 -0.0498674 -0.153649 -0.0966735 0.0414818 0.0743611 0.0797617 0.0856063 0.0073924 -0.05028
-0.129842 0.0648979 0.0129758 0.0427148 -0.0489301 -0.0629647 0.152948 -0.00914634 0.0893826 -0.0792624
-0.206714 0.0654783 -0.11911 -0.00425667 -0.0332982 0.049474 0.188998 0.0500906 0.0859137 -0.155675
-0.19432 0.0135267 -0.133212 -0.0323102 0.00152333 0.0632241 0.121981 0.111426 0.0298606 -0.111405
-0.119391 0.000771595 -0.0432186 -0.0212278 0.00354621 -0.0390271 0.115215 -0.0155657 0.0179648 -0.0768482
-0.0475422 0.0185489 -0.0446349 -0.00841017 0.0222239 0.0281127 0.117245 0.000634963 0.0067716 0.00866882
-0.11782 0.0656233 -0.0647103 0.118591 -0.00286012 -0.0371857 0.0378844 -0.0784657 0.135632 -0.0667074
-0.142642 0.110717 -0.00230957 0.131187 -0.0581417 -0.0923813 0.0866412 -0.110418 0.126001 -0.104506
-0.0764789 0.00223981 -0.0252225 0.00758043 0.00078168 -0.00691948 0.0684208 -0.0191884 0.0352285 -0.0344501
-0.200504 0.056865 -0.0810469 0.0552723 -0.0106822 0.0258908 0.158777 0.0141637 0.0901047 -0.132006
-0.175924 0.0946398 -0.0275665 0.0822048 -0.0557276 -0.0350965 0.117866 0.00830501 0.0883339 -0.0998151
-0.0852358 0.0734208 0.0231925 0.0551315 -0.0393607 -0.0903624 0.0991809 -0.103577 0.0738917 -0.0610862
-0.206375 -0.0148837 -0.121506 -0.0530141 0.0340002 0.0872009 0.0744564 0.0333491 0.0219175 -0.0979468
-0.0210452 -0.0206425 -0.0979231 -0.0652557 0.0122902 0.0282252 0.0278745 0.0162039 -0.0181478 0.00729243
-0.0346526 -0.0195988 -0.024353 -0.0348623 0.0341146 -0.00556575 0.0371298 -0.0399083 -0.00610952 0.0186179
-0.206909 -0.0289814 -0.134455 -0.0514525 0.0249747 0.044334 0.126149 0.0717187 0.0125622 -0.101002
-0.128811 0.0827459 0.0214905 0.0426864 -0.0556707 -0.0783306 0.175362 -0.0452601 0.0471306 -0.133521
-0.17478 0.0684002 -0.0630206 0.0922136 -0.0304854 -0.00361463 0.130578 0.00698241 0.124931 -0.124447
-0.13569 -0.00912907 -0.107947 -0.00914922 0.00719995 0.0133463 0.0677483 -0.00684646 0.0352785 -0.0581245
-0.0824693 -0.0453588 -0.0961731 -0.00859268 0.0508274 0.0302416 0.0879541 -0.034892 0.0122847 -0.0203706
-0.0534311 -0.0259234 -0.108244 -0.0443278 -0.00243782 -0.00521678 0.085184 0.0206594 0.000149896 -0.0265138
-0.0768014 -0.0317864 -0.0936932 -0.0567006 0.0614768 0.0708338 0.0592994 0.0146456 -0.00662409 -0.0222144
-0.113059 0.0420317 -0.0365683 0.0186764 -0.00689657 -0.00447008 0.0914891 -0.0223013 0.0459905 -0.0803976
0.0493187 -0.127353 -0.0676243 -0.149585 0.123055 0.0770103 -0.0715064 0.0468526 -0.0796214 0.104791
-0.0807595 0.0266453 -0.0551423 0.007321 -0.027744 -0.0388893 0.0919214 -0.0689403 0.0456868 -0.0347136
-0.170063 0.0411182 -0.0638421 -0.0183658 -0.004405 0.0438614 0.184643 0.0496551 0.0306904 -0.132008
-0.223172 0.0250316 -0.132597 -0.0177872 0.00864866 0.0304151 0.122446 0.108579 0.0819929 -0.105036
-0.295259 0.0384096 -0.120648 0.0187335 -0.00936315 0.0473689 0.206113 0.188472 0.114506 -0.180678
-0.0453523 -0.00867822 -0.00878265 -0.0381069 0.026399 0.0326372 0.082572 0.0394705 -0.00531665 -0.0190289
-0.190693 0.0570242 -0.0152488 0.0322423 -0.0110754 0.00591727 0.15421 -0.0620484 0.0820193 -0.145232
-0.0585701 0.0156391 -0.0310534 0.0161907 -0.0231532 -0.0226671 0.130558 -0.0291709 0.0316853 -0.0398497
-0.122006 0.0637391 -0.0440076 0.0770549 -0.00574986 0.00077758 0.0901068 -0.05746 0.0872147 -0.0682523
-0.098994 0.0313367 0.0144935 -0.00190227 0.00175017 -0.018826 0.101983 -0.00351383 0.044195 -0.0537046
-0.190104 0.0996619 0.0238717 0.0960993 -0.0482222 -0.0539164 0.123094 -0.101569 0.100884 -0.160511
-0.0294881 0.0371559 0.0268371 -0.019867 -0.0165866 -0.0619892 0.0811494 -0.0996453 -0.0267835 -0.0251816
0.129952 -0.0537999 -0.0105805 -0.107045 0.00863006 -0.0206609 0.00318272 -0.0639208 -0.0696624 0.0949439
0.068979 0.00414225 -0.0131274 -0.0754036 -0.0257054 -0.0664064 0.104436 -0.00410054 -0.0170051 0.0175977
-0.158404 0.0809817 0.0144484 0.150883 -0.0410946 -0.0649691 0.0883617 -0.052405 0.106225 -0.108972
-0.10747 0.0737482 0.00834736 0.0369956 -0.0521028 -0.0730108 0.191852 -0.0484397 0.0593547 -0.101426
-0.0538573 0.0433841 -0.0121959 -0.0352936 -0.0579308 -0.0595104 0.168226 -0.0546823 -0.0117346 -0.055254
-0.231168 0.0419317 -0.0965978 -0.0130286 -0.022796 0.023965 0.173354 0.0452693 0.0657875 -0.157588
-0.0933175 -0.0251855 -0.111103 -0.0562041 0.028439 0.0461304 0.0797385 0.111391 -0.00598397 -0.0450728
-0.087414 0.0877999 0.0350231 0.0436062 -0.0348018 -0.0652416 0.108654 -0.103883 0.0553309 -0.0688474
-0.209875 -0.0299815 -0.153652 -0.100586 -0.0325024 0.0334841 0.188606 0.107251 0.0238217 -0.127826
-0.138295 0.0736979 -0.00242471 0.00110634 0.02642 0.04653 0.0676683 0.0447764 0.0758149 -0.0743982
-0.219835 -0.00844724 -0.109096 -0.0549398 0.0400907 0.113953 0.0320361 0.0914008 0.0218835 -0.0789468
-0.270027 0.00292258 -0.226153 -0.00471552 -0.0502532 0.0338011 0.049168 0.270767 0.054753 -0.189911
-0.0815998 -0.024793 -0.0548696 -0.0257164 0.036272 0.0275136 -0.00854295 0.00594526 0.0153125 -0.0120252
-0.0859477 0.0093439 -0.0722999 -0.128825 0.0107279 0.111334 0.00938592 0.136049 -0.0109386 -0.00828638
-0.158206 -0.00385243 -0.105236 -0.145025 0.0151544 0.11536 0.0832992 0.181811 -0.0275762 -0.0722466
-0.151628 0.0952977 -0.0444147 0.0599337 0.0043206 0.0107487 0.151952 0.0258708 0.139347 -0.0946492
-0.253188 0.00729468 -0.157763 -0.0327606 0.0340846 0.106844 0.0521016 0.140126 0.0866454 -0.0899694
-0.20311 0.0422849 -0.0598074 0.0230391 -0.00426735 0.0583536 0.0151681 0.179464 0.0605993 -0.0951179
-0.125649 0.00732759 -0.0771015 0.019423 0.0157655 0.0435143 0.0335679 0.0923921 0.0536714 -0.0231066
-0.430613 -0.0656959 -0.349761 -0.179178 0.014033 0.256722 0.0550344 0.675083 0.0142362 -0.272444
-0.420204 -0.0521779 -0.337266 -0.139644 0.0709567 0.337648 0.0405809 0.53779 0.0559587 -0.232084
-0.46139 -0.0745581 -0.234561 -0.147926 0.124778 0.370184 0.0201244 0.403824 -0.00291134 -0.217884
-0.173856 0.00757763 -0.118342 -0.0596301 0.0529141 0.116728 0.014106 0.140934 0.0283632 -0.0780602
-0.156296 -0.0193302 -0.124542 -0.0460849 0.00346779 0.0689404 0.0434597 0.147423 0.0157633 -0.0862998
-0.36472 0.00112286 -0.262901 -0.085349 0.060055 0.219692 0.0861604 0.474085 0.0746611 -0.223884
-0.534225 -0.111674 -0.389899 -0.280939 0.0827552 0.382637 0.0928884 0.770727 0.0199379 -0.276198
-0.216881 -0.0271086 -0.167607 -0.041621 -0.0085053 0.0643917 0.0413738 0.157524 0.00964188 -0.11431
-0.0151831 -0.0207186 -0.0923676 -0.0481775 0.0368613 0.0648894 -0.031275 0.0225484 -0.00439477 0.0361802
-0.0445362 -0.0317837 -0.0282198 -0.157952 -0.0176845 0.00468953 0.0537956 0.131865 -0.0556441 -0.0533602
-0.199714 -0.087153 -0.141402 -0.114423 0.0822171 0.156966 -0.0104113 0.152979 -0.0168374 -0.0805096
-0.207892 -0.0619978 -0.224208 -0.131824 0.0446813 0.163423 0.0529817 0.379062 0.00543356 -0.121814
-0.220292 -0.0596941 -0.172416 -0.128179 0.048328 0.141023 0.0288446 0.398756 0.0284877 -0.149439
-0.0911375 -0.0578673 -0.109303 -0.100254 0.0123937 0.0512146 0.0447306 0.124319 -0.0120366 -0.0634005
0.0191771 -0.00506644 -0.0438873 0.00448491 0.0459791 -0.00375797 -0.00784376 0.00435539 -0.0209518 -0.0191387
0.0244677 -0.0109584 -0.0442796 0.00438463 0.053472 0.00112271 -0.0108617 0.00537783 -0.0238772 -0.0126292
-0.0559584 -0.139623 -0.124662 -0.122855 0.126697 0.113635 -0.081482 0.106263 -0.0326809 0.0625601
-0.366415 -0.0433517 -0.211976 -0.131593 0.0456889 0.214419 0.0399729 0.471654 0.0215395 -0.229932
-0.216432 -0.0223388 -0.123195 -0.0379893 0.0214121 0.110911 0.011629 0.126202 0.0375538 -0.13846
-0.218207 0.033159 -0.11426 0.0221223 0.0533978 0.0718587 0.0532053 0.136962 0.0741967 -0.101096
-0.0759583 -0.065575 -0.137295 -0.134873 0.00443144 0.0192523 0.000800011 0.0943329 -0.0176728 -0.066426
-0.105231 -0.173978 -0.180498 -0.208413 0.064448 0.215911 -0.146437 0.252529 -0.0965771 0.0203038
-0.412227 -0.0239444 -0.173495 -0.118103 0.0832552 0.335162 -6.56166e-05 0.33092 0.0520309 -0.214725
-0.10102 -0.0832562 -0.138747 -0.104795 0.0464241 0.112462 -0.0346871 0.0173758 0.00373254 -0.0370086
-0.232242 -0.0903147 -0.217134 -0.0469015 0.0572738 0.164076 -0.0953967 0.0525756 0.0414301 -0.116961
0.00154478 0.0608378 0.0156895 0.140255 -0.0194807 -0.0705432 0.0275618 -0.0462298 0.0727265 0.0196228
-0.344363 0.0684327 -0.119645 0.0365712 0.0395482 0.180649 -0.030584 0.233802 0.182196 -0.172906
-0.0707123 0.0425382 0.0430153 0.110126 0.0655635 0.00885442 -0.0607494 -0.0864479 0.079636 -0.0149947
-0.141189 0.0282426 -0.140213 -0.0438353 0.083164 0.198907 0.0118957 0.129698 0.0291697 -0.0748496
-0.20189 0.0364638 -0.0672567 0.0424406 0.0337153 0.0937145 0.032722 0.0814894 0.106885 -0.0328051
-0.065179 -0.0694995 -0.209072 -0.0760558 0.0610795 0.0558761 -0.110096 0.168784 -0.0504422 -0.0776471
-0.0133128 -0.0425539 -0.0990817 -0.10251 0.0179983 0.0330759 0.014583 0.0367055 -0.0182303 0.0370433
-0.0279425 -0.0409318 -0.120544 -0.112332 0.0175842 0.0603667 0.0642564 0.17461 -0.0487247 -0.049748
-0.165127 -0.15599 -0.308615 -0.172959 0.0817313 0.14493 0.00703577 0.429415 -0.00862301 -0.0566676
-0.241966 -0.0612803 -0.214583 -0.143718 0.0524991 0.175439 0.0112787 0.238345 0.0148016 -0.102468
-0.259506 -0.0882685 -0.270883 -0.102624 0.0738265 0.201579 0.0569503 0.237089 0.0122108 -0.155801
-0.3622 -0.0307529 -0.234582 -0.139921 0.0651967 0.223534 0.0557014 0.399993 0.0754383 -0.233787
-0.389617 -0.0322786 -0.236389 -0.0597551 0.0617936 0.236123 0.082652 0.373934 0.0847851 -0.221334
-0.278568 -0.0265984 -0.197367 -0.096715 0.0334539 0.148034 0.0650334 0.315899 0.0458654 -0.164943
-0.24591 0.038754 -0.170797 -0.0178011 0.0769041 0.186368 0.0996928 0.22798 0.109777 -0.120948
-0.300086 0.0645589 -0.0877134 0.0898623 -0.075639 -0.0338598 0.0670094 0.223904 0.074542 -0.228839
-0.256622 0.0292117 -0.252203 -0.0765065 0.0728255 0.206502 0.0737949 0.220262 0.0666058 -0.10453
-0.0566456 -0.0546275 -0.064072 -0.160222 0.00734321 0.0784919 -0.0681502 0.0992801 -0.0463595 0.0356678
-0.020596 -0.10084 -0.115595 -0.118846 0.0882447 0.0975957 -0.0323736 0.0208341 -0.034388 0.119888
0.0269785 -0.0151452 0.0261746 -0.0651909 0.00364277 -0.0346618 0.0105868 0.0242349 0.000616236 0.073745
-0.0337177 -0.0907414 -0.110107 -0.0990182 0.0200066 0.0126762 -0.0548134 0.0378184 -0.0391709 0.00536733
0.0474795 -0.0563808 -0.107272 -0.0973054 0.00861525 -0.0414149 0.0248334 0.132123 -0.0137369 0.0617913
-0.334751 -0.0886038 -0.25868 -0.162439 0.0716899 0.310871 0.0212168 0.488497 -0.0312351 -0.220611
-0.120824 0.0761964 -0.045089 0.0751097 0.000392873 0.0136903 0.0393724 -0.0280291 0.126191 -0.0459027
-0.16771 0.042358 0.0162813 0.0296347 0.00923368 0.0214048 0.00394689 -0.0246937 0.0687729 -0.0682818
0.028497 0.0283457 0.00402711 0.0640166 -0.00997836 -0.0801566 -0.0168448 -0.109079 0.0460588 0.00216416
-0.145431 0.0319132 -0.0513139 0.0331317 0.0115666 0.0126705 0.0535011 -0.00166638 0.0707344 -0.0585596
-0.12649 0.0286214 -0.0501304 0.0476911 0.0220299 0.0245727 0.00743363 0.0176087 0.0679515 -0.0698269
-0.180642 0.163771 0.122233 0.274278 -0.0460515 -0.121072 -0.0353937 -0.148396 0.14143 -0.13044
-0.17186 0.0297731 -0.0688434 0.0304518 0.0263301 0.0376787 -0.0261496 0.0293962 0.0788464 -0.07908
-0.184316 0.138446 0.0184876 0.149473 -0.0241087 -0.0190744 0.0653315 -0.0428175 0.144399 -0.124483
-0.138293 0.0825559 -0.0101232 0.0980844 -0.00582926 -0.0204821 7.62463e-05 -0.0724147 0.085526 -0.0794003
-0.146917 0.0792237 0.0154831 0.0826143 -0.0320195 -0.0717357 0.0878198 -0.111411 0.0855197 -0.103572
-0.190877 0.0569404 -0.102832 0.0385848 0.0107371 0.0866709 -0.0414847 0.0500309 0.0956579 -0.13465
-0.11768 0.0149778 -0.00749067 0.0324579 -0.0315061 -0.0326947 0.108924 0.0440525 0.0359852 -0.0924059
-0.0803813 0.00811599 -0.0495249 0.00707203 0.00251572 0.013018 -0.0255088 -0.0352042 0.0329059 -0.0222036
-0.150516 0.0977973 -0.0172882 0.131424 -0.00469941 -0.00913268 0.0346386 -0.014549 0.136822 -0.0942793
-0.151476 0.0714912 0.0267083 0.0852921 -0.00769876 -0.00749852 0.0250673 -0.0442731 0.0921367 -0.0986825
-0.0446695 0.0263389 0.027415 0.0635498 0.0101982 -0.0534866 -0.0473682 -0.125471 0.0311237 -0.00655422
-0.0738192 -0.0431025 -0.0564546 -0.0144888 0.0258365 0.0163 -0.0576194 -0.00429467 0.0530591 -0.00915127
-0.179928 -0.0100192 -0.0778089 0.0476474 0.0361691 0.0391848 -0.0195272 0.0268029 0.0806036 -0.068731
-0.226875 0.0625173 -0.0940495 0.0395157 -0.00922037 0.0303675 0.00415419 0.0270787 0.111661 -0.120199
-0.409103 0.0992189 -0.150667 0.0575849 0.00726531 0.189262 0.0337636 0.249976 0.102428 -0.302835
-0.231688 0.0583777 -0.11435 0.0435346 -0.0252289 0.033721 0.0682026 0.0747761 0.120563 -0.14399
-0.122099 0.0111096 0.0303444 -0.0322994 0.000501706 -0.0189318 0.0958739 -0.0591191 0.006297 -0.0897919
-0.0582004 0.0275445 0.00674676 0.0428087 0.00184323 -0.0609999 0.0709761 -0.0984678 0.0375751 -0.013976
-0.107141 0.0748468 -0.0212095 0.131909 0.00257057 0.0418098 -0.0700447 -0.0461762 0.115281 -0.0400096
-0.290572 0.039362 -0.158604 0.0173054 0.045955 0.187407 0.0173703 0.106187 0.129319 -0.170536
-0.119892 0.0387977 -0.0222121 0.0575853 -0.0182387 -0.0185009 -0.00337654 -0.0839358 0.0507181 -0.0401909
-0.0565042 0.0929567 -0.000839374 0.140504 -0.0525374 -0.0892796 0.0111799 -0.0626454 0.0677347 -0.0281499
-0.19315 0.147197 0.0205505 0.177829 -0.0617609 -0.0398789 0.0590811 -0.0734497 0.160038 -0.140984
-0.028411 0.0877218 0.113729 0.0749611 -0.00550975 -0.0395592 -0.0009428 -0.137847 0.0242038 -0.0333183
-0.180131 0.0451504 -0.0767054 0.090892 0.00475854 0.00733202 0.0201084 0.00333571 0.140125 -0.102879
-0.222687 0.137264 0.000285984 0.146529 -0.0474459 -0.0219788 0.0503884 -0.0801718 0.175226 -0.141881
-0.179728 0.0699008 -0.0266793 0.112792 -0.0184933 -0.0372972 0.0214083 -0.0962662 0.139416 -0.0865273
-0.160783 0.132527 0.0328286 0.140015 -0.0314044 -0.0718172 0.0969031 -0.0524077 0.121775 -0.108873
-0.178295 0.0677721 -0.0754723 0.0297895 -0.00443858 0.022627 0.0840888 -0.00126618 0.101153 -0.0862278
-0.143454 -0.00228285 -0.107556 0.0318821 0.0421411 0.0509079 -0.0249174 -0.0200693 0.0381655 -0.0899033
-0.0429744 0.0857999 0.0161275 0.150812 0.0132321 -0.0292379 -0.0430485 -0.0847007 0.102718 0.0361467
-0.144905 0.118264 0.0021678 0.148597 -0.0536989 -0.0669282 0.0675153 -0.0544059 0.1495 -0.0997636
0.0178834 0.0624657 0.141546 0.0514845 -0.0513425 -0.131938 -0.0362685 -0.193024 0.0246942 0.00666205
-0.289753 0.0759105 -0.0844456 0.106438 -0.0257014 0.0358841 0.134877 0.0994401 0.127217 -0.204621
-0.0940094 0.137323 0.0420072 0.180969 -0.0607287 -0.134647 0.039572 -0.139015 0.11479 -0.0349861
-0.113511 0.0723053 0.00638377 0.163385 -0.0190426 -0.0460771 0.00506961 -0.102757 0.0974801 -0.0523092
-0.128688 0.101641 -0.0711105 -0.0342965 -0.0144691 0.0798301 0.00264126 0.0829517 0.0651516 -0.0631257
-0.123092 0.00990486 -0.0694446 0.0590288 0.000748493 2.92334e-05 0.102016 0.000785 0.0640629 -0.0927248
-0.122835 0.0730109 -0.0438812 0.00920063 -0.0230253 0.00884235 0.0954609 -0.0236197 0.0615376 -0.0876107
-0.132913 0.00172702 0.00508627 0.00246735 0.0471055 0.0168281 0.00214086 -0.0202209 0.0289052 -0.0622658
-0.305718 0.0936851 -0.0322925 0.182936 0.00633421 0.0160172 0.0525079 -0.0567275 0.126376 -0.17432
-0.146214 0.0106366 -0.105563 -0.00393857 0.046321 0.0940002 -0.0132594 0.0401876 0.0428804 -0.0533716
-0.0864283 0.0520489 -0.00448058 0.0767782 -0.00573759 -0.00921054 -0.0147331 -0.0806554 0.0546018 -0.00470549
-0.129498 0.0529708 0.00415338 0.0378072 -0.0224786 -0.0404039 0.100227 -0.0874564 0.0630307 -0.0658497
-0.189813 0.0553783 0.0418638 0.0504728 -0.023497 -0.0157116 0.0810124 -0.0404391 0.0825326 -0.0712589
-0.0721345 0.0334231 -0.00190316 0.0187081 -0.0262738 -0.0286204 0.0720039 -0.0108908 0.0287238 -0.082052
-0.226486 0.0592817 -0.0623887 0.0632243 -0.0274621 0.0200804 0.0828368 0.00647575 0.0789454 -0.150668
-0.240682 0.00198718 -0.15063 -0.0153923 0.0305869 0.0840597 0.120698 0.140983 0.0647673 -0.149746
-0.127467 0.0398479 0.0205399 0.0408898 0.0197236 -0.00380407 0.0388981 -0.0323298 0.059707 -0.0657421
-0.071808 0.0280477 -0.0190999 0.0653816 -0.00484829 -0.0520914 0.0657722 -0.0698348 0.053556 -0.0456281
-0.172883 0.0223724 -0.0806868 0.03327 0.0136504 0.0769098 0.0212223 0.0477971 0.0947504 -0.0860162
-0.0788782 0.0888811 0.0125979 0.109766 -0.0164038 -0.0791188 0.0507424 -0.104827 0.0890415 -0.0736623
-0.103871 -0.00566578 -0.0288394 0.0166536 0.00587056 8.87033e-05 0.084172 -0.0327122 0.0393132 -0.0263808
-0.0216791 0.0127197 -0.0147435 -0.0208835 0.00369351 -0.0189638 0.111173 0.00847496 0.0461887 -0.0273395
-0.078625 0.174605 0.0522307 0.201159 -0.0657153 -0.120898 0.0429849 -0.0831541 0.109982 -0.0383907
0.101968 -0.0247649 -0.00998529 -0.109509 0.0335654 0.0093002 -0.0549893 -0.039103 -0.0581596 0.0885541
0.217288 -0.0380142 -0.01772 -0.120918 -0.0188434 -0.0307957 -0.085518 -0.0996271 -0.101867 0.122296
0.0998062 -0.0472528 0.0466649 -0.0903124 -0.0147928 -0.0488533 -0.0258165 -0.10277 -0.0914763 0.152072
0.217226 -0.169877 0.0112884 -0.133242 0.0527788 -0.0364961 -0.152246 -0.127325 -0.181877 0.254774
0.407278 -0.0444503 0.00717513 -0.0126701 -0.0352293 -0.176562 -0.0765739 -0.161489 -0.0973755 0.294583
0.217778 -0.0303372 0.0710705 -0.0977451 -0.0212821 -0.088119 -0.0451242 -0.119009 -0.0660315 0.0939028
0.156202 -0.0256572 -0.0222587 -0.102984 -0.00578418 -0.0363761 -0.0862437 -0.0859485 -0.046412 0.113156
0.121378 -0.0113201 0.0430474 -0.0391092 -0.0199909 -0.0243933 -0.0261525 -0.0986054 -0.0600271 0.104741
0.121426 0.00019762 0.045906 -0.0348374 0.0207803 0.00807552 -0.0858702 -0.0436513 -0.0424321 0.152286
0.0932948 -0.022936 0.191287 -0.0837171 0.0495114 -0.0583665 -0.018863 -0.178337 -0.0941064 0.0677186
0.245633 -0.110732 0.0444887 -0.139089 -0.0095687 -0.0135554 -0.0845194 -0.10619 -0.155699 0.227937
0.113163 -0.123534 -0.0513357 -0.161941 0.0622673 0.0477846 -0.0754294 0.0113088 -0.095999 0.181152
0.0992365 -0.0830531 0.0450446 -0.0268929 0.0189501 -0.044355 -0.0743357 -0.0908916 -0.0796788 0.151234
0.102171 -0.0645646 -0.0218335 -0.0647421 0.0462177 -0.0150326 -0.0208563 -0.0714076 -0.0620085 0.167593
-0.0207266 -0.063075 -0.0621877 -0.0825002 0.0421524 0.0413714 -0.0583493 -0.0313786 -0.0450043 0.0746199
0.0335194 -0.0780193 -0.0311735 -0.0813502 0.0580384 0.0313528 -0.0482448 -0.0242282 -0.04413 0.110492
-0.0258838 -0.0670948 -0.0377574 -0.102921 0.0587587 0.0326102 -0.0471365 -0.0242994 -0.0426064 0.103462
0.0173048 -0.0478204 0.00400058 -0.0511195 0.0426536 -0.0439696 -0.0312835 -0.0890632 -0.0542826 0.0990043
0.0869336 0.00796231 0.0409813 0.00563848 -0.0362538 -0.0896164 -0.053985 -0.134477 -0.0342343 0.140752
0.139705 -0.0854793 0.0199313 -0.0266039 0.0426573 -0.10054 -0.0866926 -0.139065 -0.0623359 0.174059
-0.0210792 -0.00747898 0.00381351 -0.0270464 0.0259395 -0.00855264 -0.0125807 -0.047659 -0.0139806 0.0789985
0.0349659 -0.0883793 -0.0104742 -0.0520759 0.0647933 -0.00362127 -0.111187 -0.102453 -0.0368286 0.154215
0.0932268 -0.189758 -0.0357307 -0.121966 0.0818797 0.0010963 -0.170968 -0.0742419 -0.115457 0.175561
0.0288493 -0.0727098 -0.0318715 -0.127477 0.0783632 0.0427931 -0.0306106 0.0182342 -0.0635076 0.107311
0.119346 -0.0651206 0.0355035 -0.0623314 0.0319893 -0.0244492 -0.0840342 -0.0975187 -0.0920923 0.206057
0.157982 -0.12671 0.0479454 -0.0593344 0.0387316 -0.0551309 -0.0893696 -0.148368 -0.107658 0.200859
0.119346 -0.0651206 0.0355035 -0.0623314 0.0319893 -0.0244492 -0.0840342 -0.0975187 -0.0920923 0.206057
0.0656728 -0.067505 0.00987043 -0.0683749 0.0325875 -0.000714098 -0.0767869 -0.0462748 -0.05517 0.190226
-0.03874 -0.0433805 0.037075 -0.0592271 0.036706 -0.0081985 -0.0707805 -0.104556 -0.0420156 0.0505376
-0.00738212 -0.0658377 0.00549621 -0.0828659 0.0626257 -0.00695894 -0.0250759 -0.0382537 -0.0586979 0.128671
0.00745282 -0.116432 -0.0524598 -0.100918 0.0525489 0.0322719 -0.0424267 -0.000289873 -0.0524772 0.144047
0.104449 -0.121999 -0.0417928 -0.128051 0.0271076 -0.0016317 -0.119053 -0.0673276 -0.107405 0.19802
0.168631 -0.113399 0.0129829 -0.0978335 0.0328069 -0.0210482 -0.0551638 -0.0915382 -0.0920589 0.162548
0.0800715 -0.0480359 0.062883 -0.0527779 0.0337572 -0.0455306 -0.0644546 -0.0792765 -0.0650519 0.122241
-0.002743 -0.0372848 -0.00425457 -0.0440345 0.0378428 -0.012223 -0.0151995 -0.0737157 -0.0205744 0.110683
-0.0237805 -0.0505839 0.0963991 -0.0903133 0.078817 -0.0169638 -0.0802121 -0.131429 -0.0423072 0.0670253
0.0335101 -0.106903 -0.0935407 -0.17902 0.0553669 0.0539506 -0.0567856 0.0138216 -0.0921622 0.153263
0.0598073 -0.00422034 0.0249783 0.01022 -0.0293102 -0.116649 -0.0357984 -0.0967294 -0.0346818 0.042218
0.0108184 0.0351459 0.0239954 -0.0217682 -0.0454872 -0.0895001 -0.0115879 -0.0964368 -0.00221772 0.063057
0.10514 -0.038133 0.00195063 -0.0290034 0.0163814 -0.0998338 -0.0588053 -0.112861 -0.0420884 0.0929256
-0.0338498 -0.055173 -0.0447454 -0.043536 0.0667202 0.0253265 -0.0149129 -0.0523307 -0.0281596 0.000628363
0.179265 -0.0393216 0.0719578 -0.0442457 -0.00728293 -0.0696768 -0.0496287 -0.0972131 -0.0987058 0.130664
0.00201998 -0.0518238 0.0742285 -0.122133 0.000646075 -0.0169392 -0.051613 -0.0670808 -0.0861446 0.0432351
0.175465 -0.114145 0.0265235 -0.153279 0.025528 -0.0374771 -0.0599269 -0.067289 -0.138861 0.20599
0.258058 -0.0927175 -0.0449223 -0.132336 -0.00477919 -0.0594019 -0.0754106 -0.0673903 -0.0994563 0.146745
0.00875112 -0.0511365 0.0529507 -0.0253367 0.0286363 -0.0557963 -0.0371359 -0.121625 -0.0325092 0.0711936
0.0753524 -0.0679414 0.0416438 -0.0415237 -0.000408874 -0.107503 -0.0785797 -0.137575 -0.0760598 0.082217
0.0472918 -0.0122241 0.0900882 -0.0620382 -0.0195918 -0.0772161 -0.0251044 -0.11778 -0.0711692 0.0498965
0.272805 -0.0535833 -0.00194198 -0.0623428 -0.0401194 -0.109022 -0.0475959 -0.126313 -0.0816721 0.137828
0.00922341 -0.0177847 0.018585 -0.0171709 0.0226545 -0.0406222 0.00975165 -0.0651896 -0.0222639 0.0641772
0.107288 -0.00535829 0.101546 -0.00682683 -0.00839512 -0.100519 -0.00296367 -0.152821 -0.0465585 0.113849
0.127094 -0.0111323 0.0849941 -0.0635609 0.0289047 -0.0755494 0.0270033 -0.103161 -0.058955 0.0844707
0.222115 -0.123675 -0.0107555 -0.129878 -0.00996989 -0.0965875 -0.0996172 -0.0849718 -0.106648 0.195342
0.217929 -0.0615312 0.099447 -0.105164 -0.0119657 -0.10468 -0.039651 -0.16478 -0.117725 0.0944811
0.301032 -0.0632387 0.0429026 -0.0273446 0.0136229 -0.10041 -0.106085 -0.149538 -0.0923272 0.150925
0.130826 -0.137899 -0.0121098 -0.125602 0.0178428 -0.00662934 -0.159337 -0.0488444 -0.163004 0.191961
0.0463312 -0.0572083 0.00808198 -0.0595743 0.0330029 -0.0227587 -0.0457925 -0.086349 -0.0662526 0.155082
0.039044 -0.0257341 -0.0481403 -0.0610833 0.0335455 0.00544876 -0.050736 -0.0576081 -0.0117791 0.0610711
-0.0580888 -0.113797 -0.0185769 -0.171792 0.0715981 0.0576362 -0.0885021 -0.00931145 -0.102593 0.0680657
-0.0797443 -0.0412185 -0.0723238 -0.0357717 0.0535399 0.0182781 0.0202058 -0.00916761 0.00516155 0.0400961
